version: 1
creator: callgrind-3.10.1
pid: 30113
cmd:  ./aes2
part: 1


desc: I1 cache: 
desc: D1 cache: 
desc: LL cache: 

desc: Timerange: Basic block 0 - 31699
desc: Trigger: Program termination

positions: line
events: Ir
summary: 212545


ob=(2) ???
fl=(14) ???
fn=(392) 0x0000000000404394
0 3

fn=(264) 0x0000000000400450
0 6

fn=(418) 0x0000000004a257e8
0 3

fn=(206) 0x0000000004a25560
0 6

ob=(1) /lib/x86_64-linux-gnu/ld-2.19.so
fl=(8) /build/eglibc-oGUzwX/eglibc-2.19/elf/../sysdeps/unix/sysv/linux/x86_64/brk.c
fn=(14) brk
31 1
-3 1
+3 6
+8 1
-6 2
+7 1

fl=(84) /build/eglibc-oGUzwX/eglibc-2.19/elf/dl-fini.c
fn=(380) _dl_sort_fini
32 9
+2 1
-2 4
+2 1
+6 1
-1 2
+2 1
-1 1
-1 2
+1 4
+1 1
cfi=(26) /build/eglibc-oGUzwX/eglibc-2.19/string/../sysdeps/x86_64/rtld-memset.S
cfn=(70) memset
calls=1 -11 
* 14
* 1
+15 8
+62 5
+3 18
cfi=(26)
cfn=(70)
calls=2 -91 
* 18
* 8
-75 4
-1 6
+1 2
+4 6
+71 1
-75 2
-1 3
+1 1
+4 9
+6 3
+1 3
-1 3
+1 5
+2 8
+1 4
-1 4
+1 4
+3 6
-1 9
+31 9
+21 3
-57 6
+61 11
+7 8

fn=(378) _dl_fini
131 3
+12 1
-12 5
+19 1
-6 1
+9 10
+3 2
cfi=(2) /build/eglibc-oGUzwX/eglibc-2.19/elf/rtld.c
cfn=(46) rtld_lock_default_lock_recursive
calls=1 837 
* 2
+3 2
+3 2
+2 6
+7 1
+4 1
-4 1
+4 3
+2 2
+3 9
+3 2
+10 8
+2 8
+2 4
+2 4
-2 8
+6 4
-5 4
-7 12
+14 2
+5 6
cfn=(380)
calls=1 32 
* 219
+9 2
cfi=(2)
cfn=(48) rtld_lock_default_unlock_recursive
calls=1 843 
* 2
+4 4
+2 1
+2 3
-2 3
+2 9
+3 8
+3 12
+4 4
+7 4
+4 2
+1 2
-1 2
+2 4
+1 6
+1 4
cob=(4) /usr/lib/valgrind/vgpreload_core-amd64-linux.so
cfi=(49) ???
cfn=(394) 0x0000000000000630
calls=1 0 
* 763
cob=(5) /home/legup/legup-4.0/examples/chstone/orio/aes/aes2
cfi=(59) ???
cfn=(382) 0x0000000000400570
calls=1 0 
* 16
-1 6
+5 6
+1 6
cob=(2)
cfi=(14)
cfn=(418)
calls=1 0 
* 3
cob=(2)
cfi=(14)
cfn=(392)
calls=1 0 
* 3
+5 24
+16 8
-55 9
-70 2
283 6
-49 4
+55 2
+7 8

fl=(12) /build/eglibc-oGUzwX/eglibc-2.19/string/../string/memcmp.c
fn=(26) bcmp
315 12
+3 12
-3 60
+4 12
-4 12
+7 24
+4 12
+16 4
+1 8
-1 8
129 21
-18 6
346 4
+4 2
+2 2
-2 4
+1 2
+5 20
+2 9
+1 9
+1 9
+3 98
-3 56
-2 56
+1 56
+4 112
-7 128
+12 9
+1 96
228 1
-7 1
+1 1
+4 1
+2 1
-6 1
+4 1
+2 5
-95 3
+1 3
+1 3
+1 3
+1 3
+48 3
-2 3
+1 3
+1 15
-80 2
+1 4
+4 4
-5 8
+1 16
+4 18
234 1
+2 1
-4 1
+1 1
+4 1
-2 1
+56 2
-2 1
+2 2
-1 1
+1 2
+1 2
+12 6
+1 2
197 2
299 2
192 2

fl=(6) /build/eglibc-oGUzwX/eglibc-2.19/elf/dl-lookup.c
fn=(168) check_match.9481
131 602
+1 172
+2 172
+2 258
-2 172
+12 258
+3 240
cfi=(17) /build/eglibc-oGUzwX/eglibc-2.19/string/../sysdeps/x86_64/multiarch/../strcmp.S
cfn=(50) strcmp
calls=17 -18 
* 1364
* 34
+5 86
-1 86
+1 86
-1 86
+1 86
+2 168
+19 168
+1 672
+46 602
-18 4
+2 4
+1 6
-1 4
+1 2
-1 4
-29 252
cfi=(17)
cfn=(50)
calls=84 -46 
* 7280
* 168

fn=(10) _dl_setup_hash
859 12
+4 4
+4 8
+2 4
-1 4
+3 12
+1 4
+1 8
+3 4
-1 4
-2 4
+3 4
+4 8
-2 4
+1 4
+1 8
+1 4

fn=(164) _dl_lookup_symbol_x
714 1104
476 92
714 184
476 276
-1 184
+2 92
-1 92
+1 276
-1 276
+1 1139
-1 1139
+1 3417
-1 3601
716 92
+4 92
+4 92
-8 92
+1 184
+7 260
+5 92
+2 184
-2 92
+6 736
+2 1196
cfn=(166) do_lookup_x
calls=92 82 
* 36251
+3 184
+3 6
-8 24
-7 184
+38 184
+22 86
+1 602
+26 86
+9 430
+14 258
+3 344
+5 86
+2 736
-9 2
-71 42
+16 6
+1 12

fn=(166)
82 828
+1 92
-6 92
+5 276
-5 644
+12 92
229 92
+3 184
-3 92
+3 184
98 92
-3 92
+1 92
+2 92
+3 92
-3 92
+3 92
-3 198
-3 198
+1 198
+2 198
+3 198
-3 198
+3 198
+4 580
+4 580
+4 580
+6 870
+4 580
+1 870
225 290
+1 580
+4 580
-2 290
+5 1160
+4 580
-1 580
+1 290
-1 580
+21 204
+24 408
461 1140
+1 115
cfi=(31) /build/eglibc-oGUzwX/eglibc-2.19/elf/dl-misc.c
cfn=(100) _dl_name_match_p
calls=23 288 
* 978
* 138
+3 612
+3 12
286 644
+4 205
+13 86
+1 86
-1 86
+1 86
+1 86
469 736
240 364
-1 182
+2 182
+2 273
+10 285
-7 905
+2 172
+1 344
-1 172
+1 86
-1 344
+1 258
cfn=(168)
calls=86 131 
* 13036
+1 430

fl=(20) /build/eglibc-oGUzwX/eglibc-2.19/posix/../sysdeps/unix/syscall-template.S
fn=(58) uname
81 4
+1 1

fl=(19) /build/eglibc-oGUzwX/eglibc-2.19/elf/../sysdeps/unix/sysv/linux/dl-sysdep.c
fn=(56) _dl_discover_osversion
45 7
+2 3
+85 8
-45 3
cfi=(20)
cfn=(58)
calls=1 -6 
* 5
* 1
+15 1
-15 1
+20 1
-1 1
+3 12
+4 3
-2 6
+2 10
+2 1
+1 2
-3 4
+7 3
-1 3
+4 3
-2 3
+2 10
+5 2

fl=(48) /build/eglibc-oGUzwX/eglibc-2.19/elf/dl-init.c
fn=(204) call_init.part.0
34 32
+8 4
-8 4
+11 4
-3 8
+3 12
+5 9
+5 4
+8 4
+1 12
cob=(3) /lib/x86_64-linux-gnu/libc-2.19.so
cfi=(50) /build/eglibc-oGUzwX/eglibc-2.19/csu/../csu/init-first.c
cfn=(218) _init
calls=1 -12 
* 181
cob=(2)
cfi=(14)
cfn=(206)
calls=1 -64 
* 6
+3 2
+1 4
+6 2
+2 4
-2 4
+3 10
+1 8
cob=(3)
cfi=(56) /build/eglibc-oGUzwX/eglibc-2.19/string/../sysdeps/x86_64/multiarch/../cacheinfo.c
cfn=(230) init_cacheinfo
calls=1 550 
* 1045
cob=(4)
cfi=(49)
cfn=(210) 0x0000000000000670
calls=1 -78 
* 16
* 4
cob=(3)
cfi=(58) /build/eglibc-oGUzwX/eglibc-2.19/elf/dl-altinit.c
cfn=(238) dlinit_alt
calls=1 -45 
* 4
* 3
-1 6
+3 18
-29 2
+29 6
-34 3

fn=(202) _dl_init
86 11
+1 1
+1 1
+3 3
+7 4
+27 15
+1 12
-90 20
cfn=(204)
calls=3 -2 
* 1344
* 3
+96 8
-96 3
cfn=(204)
calls=1 -2 
* 77
+58 2

fl=(34) /build/eglibc-oGUzwX/eglibc-2.19/io/../sysdeps/unix/sysv/linux/wordsize-64/xstat.c
fn=(128) _xstat
34 4
-1 4
+1 4
+1 24
+4 1
-4 12

fl=(15) /build/eglibc-oGUzwX/eglibc-2.19/elf/dl-minimal.c
fn=(32) calloc
102 8
+7 24
-3 8
+3 16
+4 8
cfn=(36) malloc
calls=8 -20 
* 298
* 8

fn=(36)
93 21
+1 42
cfn=(40) __libc_memalign
calls=21 -43 
* 677
* 21

fn=(76) strsep
338 8
+2 4
+1 8
+4 132
+7 366
-2 244
+10 61
-15 185
+18 2
+4 4

fn=(40)
51 88
+1 108
+11 21
+1 21
-1 21
+3 21
-3 21
+3 42
-3 1
+1 1
-1 1
+3 1
-3 1
+3 78
+4 12
+1 9
+6 21
cfi=(25) /build/eglibc-oGUzwX/eglibc-2.19/misc/../sysdeps/unix/syscall-template.S
cfn=(68) mmap
calls=3 +4 
* 18
+2 15
+4 9
+3 3
+1 3
+2 15
-3 19
+1 19
+2 152
-31 3
+1 1
-2 3

fn=(82) free
121 1
-2 2
+2 1
+7 2

fl=(26)
fn=(70)
30 13
+1 13
+1 13
+1 2161
+1 13
+1 13

fl=(33) /build/eglibc-oGUzwX/eglibc-2.19/elf/dl-deps.c
fn=(120) _dl_map_object_deps
147 1
+1 1
-1 2
+1 1
-1 1
+1 1
-1 1
+1 2
-1 5
+1 1
-1 1
+1 2
+14 1
-2 1
+1 1
-13 1
+14 1
+6 3
+10 1
-10 1
+10 3
-14 1
-4 1
+2 1
+17 1
-17 1
-2 2
+2 1
-2 1
+2 1
-2 1
+1 1
+1 1
+6 3
+10 1
-10 1
+10 3
-16 3
+20 1
+21 1
+1 1
-22 2
+19 1
-12 1
+15 1
-16 1
+13 1
343 9
209 1
+8 1
-4 1
+4 1
-8 3
+8 3
-4 3
+4 3
+12 8
+2 2
+11 2
-5 2
-6 4
+5 2
+2 4
+1 4
+3 8
-32 2
+32 4
+50 4
+1 3
-51 192
+1 96
+6 10
cfi=(27) /build/eglibc-oGUzwX/eglibc-2.19/string/../sysdeps/x86_64/multiarch/../strchr.S
cfn=(72) index
calls=2 24 
* 70
* 4
+5 10
-3 2
+3 2
cfi=(29) /build/eglibc-oGUzwX/eglibc-2.19/elf/dl-error.c
cfn=(90) _dl_catch_error
calls=2 -91 
* 7256
+2 6
+15 2
+2 4
+5 2
+6 2
-6 4
+3 2
+1 2
+1 2
+1 2
+4 10
-2 8
-57 8
-19 2
471 8
+2 6
+3 4
-1 2
cfi=(15)
cfn=(36)
calls=2 93 
* 68
* 2
+2 2
-2 2
+2 2
+3 2
+1 12
cfi=(16) /build/eglibc-oGUzwX/eglibc-2.19/string/../sysdeps/x86_64/multiarch/../memcpy.S
cfn=(42) memcpy
calls=2 61 
* 41
+1 10
cfi=(16)
cfn=(42)
calls=2 61 
* 41
+4 2
-1 2
+5 16
+3 9
-1 4
+1 8
202 1
497 6
+1 2
+3 5
+11 3
-1 1
cfi=(15)
cfn=(36)
calls=1 93 
* 34
* 1
+3 1
-3 1
+3 1
+5 7
+1 4
+2 9
+6 9
+4 3
-10 3
+10 3
-10 7
+6 3
+4 1
-10 1
+10 1
-10 3
+13 2
+51 6
+2 3
+42 2
+1 1
-1 6
+1 1
cfi=(26)
cfn=(70)
calls=1 30 
* 14
* 1
-2 10
+13 1
-6 1
-1 1
+1 1
+6 2
-13 6
+13 2
-6 2
-1 2
+1 2
+6 6
+2 8
+1 4
-1 4
+1 4
+3 6
-1 9
+23 3
-28 6
+31 9
+3 20
cfi=(26)
cfn=(70)
calls=2 30 
* 18
* 15
217 8
+1 17
+2 2
+2 6
+2 26
658 2
+25 2
+2 1
+1 1
-1 1
+2 3
+7 3
+3 2
+3 8
295 138
623 7
cfi=(16)
cfn=(42)
calls=1 61 
* 28
+2 1
-38 1
+38 2

fn=(122) openaux
60 4
+7 2
-4 6
+1 2
-1 2
+1 2
-1 10
cfi=(21) /build/eglibc-oGUzwX/eglibc-2.19/elf/dl-load.c
cfn=(98) _dl_map_object
calls=2 2317 
* 7100
* 2
+5 4

fl=(9) /build/eglibc-oGUzwX/eglibc-2.19/string/../sysdeps/x86_64/multiarch/../rtld-strlen.S
fn=(18) strlen
26 13
+1 13
+1 13
+1 13
+2 7
+1 7
+2 7
+1 7
-1 21
+1 21
+1 27
+1 27
+1 27
+2 24
+5 12
+1 12
+1 12
+1 12
+3 12
-6 4
+1 4
+1 4
+1 4
+3 4
+1 13
+1 13
+1 13
+2 13
+3 13
+1 13
+1 13
+1 13
+3 13
+1 8
+1 8
+1 8
+2 8
+3 6
+1 6
+1 6
+1 6
+3 6
+1 6
+1 6
+1 6
+2 6
+3 6
+1 6
+1 6
+1 6
+3 6
+1 5
+1 5
+1 5
+2 6
+3 1
+2 1
+1 1
-3 11
+2 11
+1 11
+1 12
+2 12
+1 12
+1 12
+2 12
+1 12
+1 9
+2 9
+1 9
+1 7
+2 7
+2 7
+1 7
+1 7
+2 7
+1 7
+1 6
+2 6
+1 6
+1 4
+2 4
+1 4
-1 9
+1 9

fl=(60) /build/eglibc-oGUzwX/eglibc-2.19/elf/../sysdeps/x86_64/dl-trampoline.S
fn=(250) _dl_runtime_resolve
34 6
+2 6
+1 6
+1 6
+1 6
+1 6
+1 6
+1 6
+1 6
+1 6
+1 6
cfi=(61) /build/eglibc-oGUzwX/eglibc-2.19/elf/../elf/dl-runtime.c
cfn=(252) _dl_fixup
calls=6 +21 
* 4781
+1 6
+1 6
+1 6
+1 6
+1 6
+1 6
+1 6
+1 6
+1 6
+2 6

fl=(2)
fn=(96) map_doit
624 2
+2 7
cfi=(21)
cfn=(98)
calls=1 2317 
* 2446
* 1
+2 2

fn=(148) init_tls
723 1
-1 1
-6 1
+2 2
+4 1
+10 4
cfi=(15)
cfn=(32)
calls=1 102 
* 43
* 1
+11 1
-15 1
+3 1
+6 1
+2 1
-11 1
+15 1
+2 1
-1 1
+1 10
+2 8
+4 1
+2 1
-2 2
-5 8
+9 3
+3 1
cfi=(36) /build/eglibc-oGUzwX/eglibc-2.19/elf/dl-tls.c
cfn=(150) _dl_determine_tlsoffset
calls=1 112 
* 73
+7 1
cfi=(36)
cfn=(152) _dl_allocate_tls_storage
calls=1 328 
* 428
+1 1
-1 1
+1 1
+6 1
+8 1
-8 1
+8 6
+4 1
+2 1
+1 2

fn=(2) _dl_start
361 9
+18 4
fi=(3) /build/eglibc-oGUzwX/eglibc-2.19/elf/get-dynamic-info.h
44 1
fe=(2)
379 1
fi=(5) /build/eglibc-oGUzwX/eglibc-2.19/elf/../sysdeps/x86_64/dl-machine.h
58 3
fi=(3)
-14 1
fe=(2)
408 1
-3 1
fi=(3)
44 1
+17 2
-3 1
-7 1
+5 1
+3 1
+2 1
-3 1
-3 1
-3 2
-5 26
+15 13
-18 39
+18 1
-18 3
+2 36
+5 20
+1 16
+10 4
-18 12
+25 2
+20 4
+1 4
+1 4
+1 4
+2 4
+5 4
+1 4
+1 4
+6 3
+5 2
+7 3
+1 3
+8 3
+2 3
+3 2
+1 2
fe=(2)
536 2
+7 1
284 2
+12 2
cfi=(6)
cfn=(10)
calls=1 859 
* 25
+1 2
+1 2
+1 2
+1 2
+21 1
+10 1
-10 3
+10 1
-6 1
-4 1
+10 1
cfi=(7) /build/eglibc-oGUzwX/eglibc-2.19/elf/../elf/dl-sysdep.c
cfn=(12) _dl_sysdep_start
calls=1 86 
* 95274
* 1
+9 4
+3 1
+4 1
-4 1
+4 1
568 9
fi=(3)
53 4
+3 4
fe=(2)
541 34
fi=(4) /build/eglibc-oGUzwX/eglibc-2.19/elf/do-rel.h
84 1
+27 1
-28 1
+28 2
+1 2
fi=(5)
492 2
fi=(4)
112 18
fi=(5)
492 18
+1 20
fi=(4)
111 20
fi=(5)
493 10
fi=(4)
111 10
+5 2
+8 1
fi=(5)
287 1
fi=(4)
124 2
+13 1
+2 2
-2 1
fi=(5)
241 1
fi=(4)
137 1
fi=(5)
269 1
fi=(4)
137 2
fi=(5)
269 1
fi=(4)
137 8
+2 16
-2 8
fi=(5)
241 8
fi=(4)
137 8
fi=(5)
269 8
fi=(4)
137 16
fi=(5)
269 8
+9 18
+3 9
-3 18
+3 27
+6 54
fi=(3)
59 4
+1 1
+1 2
fe=(2)
284 73
fi=(5)
391 9
+9 9
fi=(4)
124 28
fe=(2)

fn=(48)
843 8

fn=(140) version_check_doit
656 2
+2 4
cfi=(37) /build/eglibc-oGUzwX/eglibc-2.19/elf/dl-version.c
cfn=(142) _dl_check_all_versions
calls=1 380 
* 2357
* 2
+4 2

fn=(22) dl_main
887 1
+19 1
-19 9
+19 1
+3 1
2488 1
887 1
2488 1
909 1
+4 1
-26 1
+26 1
+1 2
+5 2
2481 2
+7 1
-4 1
+4 1
-5 1
+5 9
+2 2
cfi=(11) /build/eglibc-oGUzwX/eglibc-2.19/elf/dl-environ.c
cfn=(24) _dl_next_ld_env_entry
calls=1 30 
* 56
* 4
cfi=(11)
cfn=(24)
calls=2 30 
* 182
* 9
+4 48
+1 19
-1 57
+3 4
+6 16
+76 4
cfi=(12)
cfn=(26)
calls=1 315 
* 120
* 2
+2 3
-55 4
cfi=(12)
cfn=(26)
calls=1 315 
* 26
* 2
2653 3
+33 3
929 4
1128 7
cfi=(13) /build/eglibc-oGUzwX/eglibc-2.19/elf/dl-object.c
cfn=(28) _dl_new_object
calls=1 61 
* 248
+2 1
-2 1
+2 1
+1 1
+1 1
+5 2
-5 1
+1 3
+4 1
cfi=(13)
cfn=(44) _dl_add_to_namespace_list
calls=1 32 
* 34
+1 2
896 1
1167 1
-3 1
-5 1
+1 1
+2 1
+5 6
+56 2
893 1
1223 2
-55 24
-1 27
+1 47
-1 2
1270 3
+3 2
+2 2
+2 2
+13 3
+1 8
cfi=(17)
cfn=(50)
calls=1 131 
* 7
* 3
+7 1
+3 1
-5 1
+3 1
+2 1
+1 2
+4 2
+2 2
fi=(3)
29 1
+9 2
+6 1
-2 1
+2 2
+7 1
+5 1
+3 1
+2 1
-3 1
-3 1
-3 14
+10 3
-18 9
+8 19
+10 19
-18 57
+18 1
-18 3
+2 46
+5 16
+2 4
+16 3
+38 3
+5 2
+7 2
+1 3
+16 3
+14 3
+18 2
fe=(2)
1313 2
cfi=(6)
cfn=(10)
calls=1 859 
* 25
+3 4
fi=(18) /build/eglibc-oGUzwX/eglibc-2.19/elf/setup-vdso.h
24 2
fe=(2)
1338 1
cfi=(19)
cfn=(56)
calls=1 45 
* 93
* 8
1172 3
+1 1
+90 2
+1 2
+1 1
-6 2
+1 1
-37 2
-1 2
+1 4
-1 2
+2 4
+1 1
+3 2
+1 2
-1 2
+1 2
+1 2
+1 6
+1 2
-43 1
-2 2
+27 1
-25 1
+7 2
-10 1
+10 1
-19 3
+1 1
fi=(3)
56 4
+3 4
+1 1
+1 3
fe=(2)
2533 4
cfi=(12)
cfn=(26)
calls=1 315 
* 80
* 2
+2 3
1343 2
cfi=(21)
cfn=(60) _dl_init_paths
calls=1 714 
* 1695
+3 3
cfi=(28) /build/eglibc-oGUzwX/eglibc-2.19/elf/dl-debug.c
cfn=(84) _dl_debug_initialize
calls=1 50 
* 17
+7 1
-7 1
+2 1
+5 1
+3 3
+1 1
+3 1
-3 3
+1 2
+3 1
+5 1
-7 1
+7 1
+1 5
+4 1
+4 1
-2 4
+1 2
+1 3
+5 2
+1 6
+2 2
+1 2
+5 2
+5 3
902 1
1575 3
+3 2
+4 3
+5 2
+1 1
cfi=(28)
cfn=(86) _dl_debug_state
calls=1 74 
* 1
+5 3
+15 3
+4 3
+31 3
cfi=(23) /build/eglibc-oGUzwX/eglibc-2.19/io/../sysdeps/unix/syscall-template.S
cfn=(64) access
calls=1 81 
* 9
* 2
+77 4
+17 3
+1 1
-1 1
+1 2
-1 1
+1 5
cfi=(33)
cfn=(120)
calls=1 147 
* 8628
+1 1
+5 1
-5 3
+2 2
+3 4
+1 4
-1 2
+1 12
-1 6
+4 3
+1 3
+1 1
+2 2
+1 5
-1 4
+1 4
-1 6
-28 1
+1 1
-1 7
+4 1
+1 1
-1 1
+2 2
+1 2
+35 1
-1 2
+1 1
+2 1
+2 3
+2 1
-4 2
+5 1
-1 2
+14 2
+1 2
+1 3
+12 1
+1 1
-2 1
+2 1
-2 1
+2 1
-2 1
+2 1
-2 1
+2 1
cfi=(29)
cfn=(138) _dl_receive_error
calls=1 205 
* 2397
+10 1
+1 1
-1 1
+1 1
+1 1
cfn=(148)
calls=1 723 
* 615
* 1
+2 2
+3 1
cfn=(154) security_init
calls=1 850 
* 20
+2 2
2050 3
+56 1
+4 1
+7 1
-11 1
+4 3
+4 2
+3 1
+8 2
+95 4
+1 1
+5 2
cfi=(36)
cfn=(192) _dl_allocate_tls_init
calls=1 376 
* 275
+4 2
+14 3
+2 2
+29 1
cfi=(7)
cfn=(194) _dl_sysdep_start_cleanup
calls=1 256 
* 1
+4 3
+20 3
cfi=(28)
cfn=(84)
calls=1 50 
* 8
+1 1
+1 1
cfi=(28)
cfn=(86)
calls=1 74 
* 1
+5 1
cfi=(35) /build/eglibc-oGUzwX/eglibc-2.19/elf/dl-cache.c
cfn=(196) _dl_unload_cache
calls=1 309 
* 15
+5 8
-65 2
+15 1
+3 1
-3 1
+3 1
-3 2
+3 2
-3 1
+2 1
+1 1
cfi=(39) /build/eglibc-oGUzwX/eglibc-2.19/elf/dl-reloc.c
cfn=(158) _dl_relocate_object
calls=1 154 
* 6295
+1 4
+2 3
-96 3
+7 1
+2 11
+2 1
+2 12
+5 8
+2 8
+8 4
-2 4
+2 8
+1 24
cfi=(39)
cfn=(158)
calls=3 154 
* 69290
+4 14
-22 12
+25 4
+2 1
+6 1
-6 1
+6 1
-22 1
+1 1
-3 2
+14 2
cfi=(36)
cfn=(190) _dl_add_to_slotinfo
calls=1 831 
* 20
* 1
-69 1
895 2
1763 2
+21 3
1619 2
cfi=(9)
cfn=(18)
calls=1 26 
* 93
* 8
cfi=(16)
cfn=(42)
calls=1 61 
* 67
* 1
+3 5
-12 1
+12 1
+3 3
cfi=(15)
cfn=(76)
calls=1 338 
* 765
* 3
cfi=(15)
cfn=(76)
calls=1 338 
* 6
* 6
+1 2
+1 3
+2 4
cfn=(88) do_preload
calls=1 803 
* 2547
* 2
1332 3
1631 1
+1 1
-1 3
+1 1
+1 3

fn=(92) _dl_initial_error_catch_tsd
797 8

fn=(154)
850 2
+2 1
fi=(38) /build/eglibc-oGUzwX/eglibc-2.19/elf/../sysdeps/unix/sysv/linux/dl-osinfo.h
61 2
+23 2
+2 1
+7 1
fe=(2)
854 1
+7 1
fi=(38)
101 2
+11 1
fe=(2)
863 1
+7 1
-5 1
+6 3

fn=(46)
837 8

fn=(88)
803 1
+12 1
-12 5
+10 1
-4 1
+1 1
+5 4
-10 1
+6 1
+4 1
cfi=(29)
cfn=(90)
calls=1 163 
* 2519
+1 3
+8 3
+6 5

fl=(21)
fn=(108) _dl_map_object_from_fd
923 24
+11 2
-11 2
+11 2
-11 4
+11 2
cfi=(28)
cfn=(84)
calls=2 50 
* 16
+4 6
-4 2
+4 2
cfi=(32) /build/eglibc-oGUzwX/eglibc-2.19/io/../sysdeps/unix/sysv/linux/wordsize-64/fxstat.c
cfn=(112) _fxstat
calls=2 34 
* 20
* 4
+11 14
+1 6
-1 15
+1 20
+17 4
+25 4
+10 4
+22 8
+32 4
935 2
1059 14
cfi=(13)
cfn=(28)
calls=2 61 
* 1017
+1 2
-1 2
+1 2
+11 4
+5 2
-5 2
+1 4
+1 2
+2 2
-2 2
+2 8
+1 6
+1 2
+24 4
+8 2
-8 18
+8 2
-8 2
+8 2
+89 2
-95 2
-1 2
+96 2
1092 2
1198 4
+8 10
-96 32
-1 136
+1 104
+6 4
+1 6
+1 2
+3 2
+1 1
+5 20
+6 8
+1 4
-1 16
+8 4
+2 8
-2 4
+1 4
+4 4
-5 8
+1 8
+1 4
+1 4
+3 4
+4 4
-9 4
+2 4
+1 4
+1 4
+1 4
+4 4
+1 6
+5 4
-16 2
+16 10
+10 2
-10 4
-16 2
+16 10
+10 2
+3 3
+5 1
-1 1
+3 1
-1 1
-1 1
+1 1
+3 3
+1 2
+3 2
+4 4
+6 1
cfi=(36)
cfn=(136) _dl_next_tls_modid
calls=1 50 
* 8
* 2
+1 1
+60 4
+1 6
+1 2
-6 4
+1 8
+8 6
+13 16
+2 4
+14 2
+5 12
cfi=(25)
cfn=(68)
calls=2 81 
* 12
+4 2
-4 2
+4 2
+7 2
+1 2
-1 2
+1 2
+2 2
-3 2
+1 2
+2 2
+10 2
+2 2
+33 12
+1 6
+2 8
+8 16
+6 2
+2 2
-2 2
+1 2
+2 2
-1 2
+1 2
-1 6
+8 4
+3 4
+11 14
cfi=(26)
cfn=(70)
calls=2 30 
* 1908
+1 10
+5 4
+15 4
-74 20
+2 8
+2 16
cfi=(25)
cfn=(68)
calls=2 81 
* 12
* 4
-30 2
-1 10
cfi=(25)
cfn=(114) mprotect
calls=2 81 
* 10
* 2
1072 2
1418 8
+9 4
fi=(3)
38 2
fe=(21)
1427 2
fi=(3)
38 2
+6 2
-2 2
+2 4
+7 2
+5 2
+3 2
-1 2
-3 2
-3 36
+10 8
-18 24
+8 35
+10 35
-18 105
+18 2
-18 6
+2 90
+5 40
+2 8
+16 4
+20 7
+1 8
+1 8
+1 8
+2 8
+5 8
+1 7
+1 8
+6 6
+5 4
+7 4
+1 6
+16 6
+5 1
+2 1
-2 1
+2 1
+2 2
+2 2
+3 6
+10 1
-8 2
+9 2
-1 1
+5 2
+3 4
fe=(21)
1433 4
+16 6
+19 4
+2 10
+55 6
+1 2
+3 2
cfi=(23)
cfn=(118) close
calls=1 81 
* 5
* 2
cfi=(23)
cfn=(118)
calls=1 81 
* 5
* 4
+8 10
+3 6
+2 2
-2 2
+2 2
+16 4
cfi=(6)
cfn=(10)
calls=2 859 
* 50
+4 4
+1 4
+17 4
+1 1
+3 1
+5 1
-5 1
+1 2
+4 1
-5 1
+5 1
-5 1
+1 2
+4 1
+10 6
cfi=(13)
cfn=(44)
calls=2 32 
* 84
+4 8
+20 16
fi=(3)
56 8
+3 8
+1 2
+1 8
fe=(21)
1356 5
+2 1
-1 3
+1 2
-1 1
+1 2
-1 2
+3 4
+43 8
cfi=(25)
cfn=(68)
calls=1 81 
* 6
+3 2
1537 4
474 2

fn=(74) fillin_rpath
486 8
+2 1
-2 9
+5 1
cfi=(15)
cfn=(76)
calls=1 338 
* 237
* 3
+4 4
cfn=(78) expand_dynamic_string_token
calls=1 -80 
* 162
+2 1
-2 1
+2 1
cfi=(9)
cfn=(18)
calls=1 26 
* 44
+4 1
-4 1
+4 1
+7 6
+34 2
+4 3
+1 3
-1 1
+1 1
-2 1
cfi=(15)
cfn=(36)
calls=1 93 
* 34
* 1
+3 1
-3 1
+3 3
+5 1
+1 3
-2 1
+2 1
cfi=(24) /build/eglibc-oGUzwX/eglibc-2.19/string/../sysdeps/x86_64/memcpy.S
cfn=(66) mempcpy
calls=1 61 
* 31
+3 1
-3 1
+3 1
-2 1
+2 1
+6 4
+1 14
+1 10
+3 1
-1 2
+1 1
+7 1
+1 1
-1 1
+4 3
+2 2
cfi=(15)
cfn=(82)
calls=1 121 
* 6
* 1
* 2
-90 1
cfi=(15)
cfn=(76)
calls=1 338 
* 6
* 2
+94 1
+3 9
-65 18
+1 8
-16 2
+5 2
+3 5
+26 2
+31 2

fn=(126) open_verify.constprop.6
1871 50
+38 5
-38 5
+38 10
+21 20
cfi=(23)
cfn=(104) open
calls=5 81 
* 41
+1 5
-1 5
+1 5
+10 1
+1 2
+5 6
cfi=(23)
cfn=(106) read
calls=1 81 
* 5
+2 2
+2 1
+2 1
-2 2
+2 1
+6 2
+16 5
cfi=(12)
cfn=(26)
calls=1 315 
* 88
* 2
+2 1
-2 2
+4 4
cfi=(12)
cfn=(26)
calls=1 315 
* 80
-4 2
+75 2
+5 2
+3 4
+5 2
+7 1
+1 1
-1 5
+1 3
+1 1
-2 1
+17 45
+2 17
+4 4
+1 2
+13 1
+1 1
+2 1
-3 1
+1 1
-1 1
+1 1
-2 1
+4 2
+5 1
+1 1
-13 4
cfi=(12)
cfn=(26)
calls=1 315 
* 73
* 4
cfi=(12)
cfn=(26)
calls=1 315 
* 80
* 4
+16 2
+6 1
-3 1
+1 1
+1 1
+1 2
+1 4
-4 1
+1 1
+1 1
-1 3
-1 1
+4 2
+5 4
+23 40

fn=(60)
714 1
+13 2
-13 8
+13 3
cfi=(22) /build/eglibc-oGUzwX/eglibc-2.19/elf/dl-hwcaps.c
cfn=(62) _dl_important_hwcaps
calls=1 39 
* 351
+5 1
-5 1
+5 1
cfi=(15)
cfn=(36)
calls=1 93 
* 34
* 1
+1 1
-1 1
-1 1
+2 1
+8 1
-1 1
+1 4
-1 4
+5 2
cfi=(15)
cfn=(36)
calls=1 93 
* 55
* 1
+2 1
-3 1
+3 2
+29 1
-12 1
-10 1
+11 1
+3 2
+8 1
-12 1
+3 2
-14 1
+9 1
+5 3
+9 2
-7 27
cfi=(26)
cfn=(70)
calls=4 30 
* 88
+7 16
-12 3
+12 6
-14 3
+3 6
-1 3
+3 3
-5 3
+6 12
+4 3
-3 3
+3 6
-3 3
-7 6
+25 1
-11 1
+6 1
+1 1
+5 2
+2 4
+2 3
+38 4
+8 3
cfi=(27)
cfn=(72)
calls=1 24 
* 23
* 2
+2 2
cfi=(9)
cfn=(18)
calls=1 26 
* 57
* 8
cfi=(16)
cfn=(42)
calls=1 61 
* 31
* 1
+17 3
-1 2
+3 1
+1 3
+1 1
-4 3
+2 13
+1 39
+1 13
-4 40
+8 1
cfi=(15)
cfn=(36)
calls=1 93 
* 34
* 1
+1 1
-2 1
+2 1
+6 8
cfn=(74)
calls=1 486 
* 681
+4 3
+6 1
+4 8
-75 1
-2 1
+2 2
+14 2

fn=(98)
2317 24
+7 3
-7 6
+7 3
+1 6
+3 27
+12 12
-12 18
+5 21
+1 14
+2 21
cfi=(31)
cfn=(100)
calls=7 288 
* 492
* 15
2607 24
2362 4
+10 12
+26 4
-2 2
+2 2
cfi=(27)
cfn=(72)
calls=2 24 
* 46
* 4
2538 6
cfn=(78)
calls=1 415 
* 239
+1 1
-3 1
+4 1
-1 2
+4 6
cfn=(102) open_verify
calls=1 1873 
* 447
+3 1
-3 1
+3 1
+12 8
+2 4
+44 2
+1 16
-1 2
+1 6
cfn=(108)
calls=2 923 
* 4855
* 2
2402 2
cfi=(9)
cfn=(18)
calls=1 26 
* 59
* 1
+2 1
-2 1
+2 1
+7 4
+35 2
+1 15
cfn=(124) open_path
calls=1 2168 
* 730
* 3
+6 6
691 1
2454 1
691 2
2530 2
-95 4
+21 2
+6 4
+2 3
+4 2
cfi=(35)
cfn=(130) _dl_load_cache_lookup
calls=1 182 
* 1501
+2 1
-2 1
+2 1
+4 3
+8 2
+22 9
cfn=(126)
calls=1 1871 
* 529
+3 3
161 3
cfi=(9)
cfn=(18)
calls=1 26 
* 79
* 1
+1 2
cfi=(15)
cfn=(36)
calls=1 -69 
* 34
* 1
+2 3
+3 4
cfi=(16)
cfn=(42)
calls=1 61 
* 71
2510 1
-1 1
+1 2
-74 7
691 1
2437 1
691 2
2415 1
+8 3
-7 3
-1 1
+8 8
-3 3
691 1
2421 1
691 2
2341 18
+3 2
+2 2
-1 4
+1 2
cfi=(17)
cfn=(50)
calls=2 131 
* 21
* 4

fn=(124)
2168 8
+1 1
-1 5
+7 1
-7 1
+1 1
+6 1
+5 2
-7 1
+7 1
-8 1
+8 3
+74 1
-74 1
+74 1
-22 2
-52 1
+52 3
-40 1
-9 1
+9 1
+7 4
cfi=(24)
cfn=(66)
calls=1 61 
* 31
+1 1
-1 1
+1 3
-13 2
+33 8
-20 3
+3 8
+4 32
cfi=(24)
cfn=(66)
calls=4 61 
* 85
* 16
cfi=(24)
cfn=(66)
calls=4 61 
* 92
* 4
+3 4
+3 8
+3 24
cfn=(126)
calls=4 1871 
* 156
* 4
+2 12
+7 8
+1 36
+6 8
+2 12
-2 4
+2 4
cfi=(34)
cfn=(128)
calls=4 34 
* 49
* 8
+1 1
+2 1
-2 1
+2 8
+7 2
-44 2
+37 6
+7 6
-44 7
+85 5
+7 1
-2 1
+2 3
+3 3
-13 1
+27 11
-72 6

fn=(78)
415 16
+10 6
cfi=(27)
cfn=(72)
calls=2 24 
* 70
* 4
161 4
cfi=(9)
cfn=(18)
calls=2 26 
* 125
* 2
+1 4
cfi=(15)
cfn=(36)
calls=2 -69 
* 68
* 2
+2 4
+3 6
440 10
167 2
cfi=(16)
cfn=(42)
calls=2 61 
* 78

fn=(102)
1873 10
+36 1
-36 2
+36 2
+21 4
cfi=(23)
cfn=(104)
calls=1 81 
* 5
+1 1
-1 1
+1 1
+10 1
+1 2
+5 6
cfi=(23)
cfn=(106)
calls=1 81 
* 5
+2 2
+2 1
+2 1
-2 2
+2 1
+6 2
+16 5
cfi=(12)
cfn=(26)
calls=1 315 
* 88
* 2
+2 1
-2 2
+4 4
cfi=(12)
cfn=(26)
calls=1 315 
* 80
-4 2
+75 2
+5 2
+3 4
+5 2
+7 1
+1 1
-1 4
+1 3
+1 1
+15 61
+2 19
+4 4
+1 2
+13 1
+1 1
+2 1
-3 1
+1 1
-1 1
+1 1
-2 1
+4 2
-7 4
cfi=(12)
cfn=(26)
calls=1 315 
* 80
* 2
-97 3
2154 8

fl=(16)
fn=(42)
61 13
+2 13
+2 13
+3 12
+1 12
+2 3
+1 3
+2 3
+1 3
+5 3
+1 3
-1 9
+1 9
+2 4
+1 4
+2 4
+1 8
+5 4
+1 4
-1 8
+1 8
+2 4
+1 4
+2 4
+1 4
+5 4
+1 4
-1 8
+1 8
+2 7
+1 7
+2 7
+1 7
+5 7
+1 7
-1 5
+1 10
+5 5
+1 5
+1 5
+1 5
+2 5
+2 5
+1 5
+2 5
+8 12
+8 5
+6 5
+2 5
+1 5
+3 2
+1 4
+5 2
+1 2
+2 2
+2 2
+1 2
+2 2
-8 4
+1 4
+2 4
+2 4
+1 4
+2 6
+9 2
+1 2
-1 3
+1 3
+3 5
+1 5
+1 5
+5 4
+2 4
+1 4
+1 4
+1 4
+2 4
+1 4
+1 4
+1 4
+2 4
+1 4
+2 4
+22 5
+6 5
+1 5
+2 1

fl=(22)
fn=(62)
39 8
+3 1
-1 1
+1 1
+9 1
-12 3
+3 1
-3 1
+3 1
+9 2
+10 4
+31 2
+23 3
cfi=(23)
cfn=(64)
calls=1 -34 
* 9
* 2
-2 1
+17 6
+3 2
+29 2
+8 2
+2 4
+1 4
+4 2
+4 1
-3 1
-1 1
+4 1
+3 2
+4 5
+1 1
-1 7
+1 1
+18 12
+1 4
cfi=(15)
cfn=(36)
calls=1 93 
* 34
* 1
+1 1
-1 1
+1 3
+29 1
+3 1
-3 2
+3 1
+28 9
+1 2
-1 2
+1 6
-1 8
+5 6
+3 1
-3 1
+3 2
-3 1
+3 1
-3 2
+3 1
-3 1
+3 2
-3 1
+3 3
+1 12
+1 4
-1 4
+1 8
-2 4
+1 8
-1 14
+4 4
+3 1
+2 2
-1 1
-1 2
+2 10
+13 2
+1 1
-1 1
+3 2
-3 2
+1 1
-1 1
+3 2
+3 3
+3 1
-1 1
+1 7
145 2
-14 2
243 3
cfi=(24)
cfn=(66)
calls=1 61 
* 22
+1 2
-1 2
+1 1
cfi=(24)
cfn=(66)
calls=1 61 
* 22
* 4

fl=(30) /build/eglibc-oGUzwX/eglibc-2.19/setjmp/../sysdeps/x86_64/setjmp.S
fn=(94) __sigsetjmp
26 3
+9 3
+1 6
+1 3
+4 3
+1 3
+1 3
+1 3
+1 3
+2 6
+2 3
+1 3
+3 6
+2 3
+4 3
+1 3

fl=(28)
fn=(84)
50 8
+5 6
+5 2
-1 1
+1 2
+1 2
-1 2
-9 4
+4 8
+4 1
-1 1
-58 4

fn=(86)
74 2

fl=(11)
fn=(24)
30 3
+3 11
+2 66
+11 31
-13 93
-2 1
+19 1
-14 24
+5 2
-3 2
+3 2
+2 2

fl=(37)
fn=(142)
380 6
+4 4
-2 2
+4 28
cfn=(144) _dl_check_map_versions
calls=4 174 
* 2282
-2 4
+2 12
-1 4
-1 8
+5 7

fn=(144)
174 36
+15 4
-15 8
+15 8
+2 4
+3 4
-3 4
+2 4
+1 4
+2 4
-3 4
+3 4
+3 8
+4 12
+17 2
56 2
220 2
56 2
220 2
56 10
+1 5
-1 10
+2 21
cfi=(31)
cfn=(100)
calls=7 288 
* 510
* 16
228 6
+5 14
+19 1
-15 41
cfn=(146) match_symbol
calls=1 76 
* 137
* 6
cfn=(146)
calls=2 76 
* 306
* 3
+7 12
+3 11
+9 8
-73 2
-8 2
+95 12
+3 6
+10 26
-7 104
+3 78
-3 8
+3 6
+8 4
+86 4
-86 4
+87 8
-81 12
cfi=(15)
cfn=(32)
calls=3 102 
* 150
* 3
+1 3
-2 3
+2 3
+11 3
-3 3
+3 6
+2 9
+3 8
+4 6
+18 1
-15 3
+2 3
-2 6
+2 6
+2 3
+1 3
-1 6
+1 3
-1 3
+1 3
+1 3
-2 3
+2 6
+1 9
+3 9
+8 6
+10 9
+3 8
+20 26
-14 26
-2 26
+2 28
-2 2
+2 2
+4 26
+2 26
-1 52
+1 26
-1 78
+1 26
+1 26
+3 84
+10 3
-1 3
+1 21

fn=(146)
76 33
+9 3
-8 3
-1 6
+1 3
+8 3
+6 9
+15 3
+1 6
+2 3
+5 6
+14 20
+12 21
+4 7
-30 14
+16 3
+3 12
cfi=(17)
cfn=(50)
calls=3 -2 
* 258
* 6
+35 24

fl=(61)
fn=(252)
66 12
+6 12
-6 18
+3 6
-1 6
+1 6
+3 6
+1 6
-1 12
+1 30
+1 6
-1 6
+1 12
+5 12
+4 12
+4 18
+4 10
+1 20
+2 20
+7 18
-1 6
+8 12
+3 54
cfi=(6)
cfn=(164)
calls=6 714 
* 4291
* 6
+4 18
+4 24
+6 36
+16 6
-8 6
+8 18
+4 18
fi=(5)
+65 6
fe=(61)
-61 30
-64 2

fl=(7)
fn=(12)
86 7
+25 1
-1 1
+1 1
-25 1
+25 108
+6 1
-3 1
+1 1
-4 1
+3 1
+3 4
+1 6
-1 3
-29 1
-1 2
+31 105
-1 82
fi=(19)
-82 2
cfi=(8)
cfn=(14)
calls=1 -4 
* 12
fi=(5)
200 5
fe=(7)
+34 2
cfi=(10) /build/eglibc-oGUzwX/eglibc-2.19/elf/../misc/sbrk.c
cfn=(20) sbrk
calls=1 34 
* 17
* 3
+12 3
+3 6
cfi=(2)
cfn=(22)
calls=1 887 
* 94825
+1 1
+1 8
151 1
+1 1
+27 1
+1 1
-17 1
+1 1
-7 1
+1 1
-4 1
+1 1
-25 1
+1 1
-4 1
+1 1
-7 1
+1 1
+2 1
+1 1
232 1
cfi=(9)
cfn=(18)
calls=1 26 
* 42
* 2

fn=(194)
256 1

fl=(23)
fn=(106)
81 8
+1 2

fn=(118)
81 12
+1 3

fn=(64)
81 12
+2 15

fn=(104)
81 28
+1 3
+1 20

fl=(27)
fn=(72)
24 7
+1 7
+1 7
+1 7
+1 7
+1 7
+1 7
+1 7
+1 7
+1 7
+1 7
+1 7
+1 7
+1 7
+1 7
+1 7
+1 7
+1 5
+4 5
+1 5
+1 5
+1 5
+2 5
+4 2
+1 2
+1 2
+1 2
+1 2
+1 2
+1 2
+1 2
+1 2
+1 2
+1 2
+1 2
+1 2
+1 2
+1 2
+1 2
+1 2
+1 2
+1 2
+1 2
+1 2
+1 2
+1 2
+1 2
+52 2
+4 2
+1 2
+1 2
+1 2
+2 2

fl=(10)
fn=(20)
34 4
+8 6
+4 2
+11 5

fl=(36)
fn=(150)
112 7
+6 3
+3 2
+36 1
-34 1
+34 2
+2 3
-2 1
-2 1
-40 1
-1 1
-1 2
+44 6
+5 1
-1 1
+5 2
-4 1
-1 1
+7 1
-7 1
+3 2
+2 1
+2 1
-2 2
+16 5
+2 1
+1 1
-1 2
+10 1
-12 4
+15 4
+1 1
+51 1
+1 8

fn=(152)
328 1
+13 1
-13 2
+2 1
+11 2
cfi=(15)
cfn=(40)
calls=1 51 
* 51
* 1
+1 1
-1 1
+1 1
+7 1
+4 306
-58 1
+1 1
-1 1
+1 2
cfi=(15)
cfn=(32)
calls=1 102 
* 43
* 1
+1 2
+9 1
-6 1
+6 1
+64 5

fn=(192)
376 7
+1 1
-1 1
+1 1
+4 2
+3 1
-1 1
-2 1
+8 3
+5 7
+6 7
+22 2
+1 4
+2 2
+9 1
-8 1
+8 2
-8 1
+8 1
+1 1
+1 3
cfi=(24)
cfn=(66)
calls=1 61 
* 23
* 5
cfi=(26)
cfn=(70)
calls=1 30 
* 166
* 3
-42 5
+6 2
+3 1
+1 2
+6 1
+3 1
-3 2
+3 1
-1 2
+38 2
+2 1
+1 8

fn=(190)
831 3
+9 1
-9 1
+6 2
+8 5
+41 1
+1 3
+1 4

fn=(136)
50 1
+3 3
+48 2
+4 2

fn=(376) __tls_get_addr
770 1
+2 3
+3 3
+2 2
+3 1
+1 1

fl=(35)
fn=(130)
182 8
+8 2
+3 3
+51 3
+9 1
+6 2
-6 3
+6 1
cfi=(23)
cfn=(64)
calls=1 81 
* 9
* 1
+4 1
-10 1
+10 3
+15 145
cfn=(134) _dl_cache_libcmp
calls=9 138 
* 665
* 46
-82 4
cfi=(31)
cfn=(132) _dl_sysdep_read_whole_file
calls=1 45 
* 67
+8 1
-8 1
+8 4
+1 4
cfi=(12)
cfn=(26)
calls=1 315 
* 112
* 2
+7 1
-3 1
+3 3
+3 1
+1 2
-1 1
+1 1
+1 3
cfi=(12)
cfn=(26)
calls=1 +98 
* 89
* 2
+2 2
+59 24
cfn=(134)
calls=1 138 
* 72
* 3
cfn=(134)
calls=1 138 
* 145
* 6
-14 4
+14 1
-14 2
-1 3
+15 32
+16 2
+5 9
-21 3

fn=(134)
138 33
+1 26
+2 118
+2 59
-2 59
+2 4
+6 2
+2 2
-1 2
-1 2
+1 2
-1 2
+2 6
+2 10
+2 4
+6 114
+2 210
+4 48
+1 48
-29 96
+32 4
+1 4
-8 9
+8 18

fn=(196)
309 4
-1 1
+3 2
cfi=(25)
cfn=(198) munmap
calls=1 81 
* 5
+1 1
+2 2

fl=(31)
fn=(100)
288 185
+1 74
cfi=(17)
cfn=(50)
calls=37 131 
* 266
* 37
+1 37
-1 37
+3 37
+2 74
+4 38
-4 76
+1 123
cfi=(17)
cfn=(50)
calls=41 131 
* 692
* 82
-5 3
+11 49
-1 34
+1 136

fn=(132)
45 1
+7 1
-7 3
+7 1
-7 1
+1 1
-1 2
+7 1
cfi=(23)
cfn=(104)
calls=1 +29 
* 5
+1 1
-1 1
+1 1
+2 4
cfi=(32)
cfn=(112)
calls=1 -21 
* 10
* 2
+2 1
+3 1
-3 1
+3 1
+13 2
cfi=(23)
cfn=(118)
calls=1 +8 
* 5
+3 7
-14 6
cfi=(25)
cfn=(68)
calls=1 +19 
* 6
* 2

fl=(29)
fn=(138)
205 10
+1 1
cfi=(2)
cfn=(92)
calls=1 797 
* 2
+5 1
-1 1
-4 1
+9 1
+2 1
-3 1
+3 1
cfi=(2)
cfn=(140)
calls=1 656 
* 2367
+2 1
+1 1
+1 8

fn=(90)
163 6
+15 3
-3 6
+1 6
-13 6
+14 6
+1 3
+2 3
cfi=(2)
cfn=(92)
calls=3 797 
* 6
+2 3
-1 3
+4 3
-5 3
+2 3
+3 3
-4 3
+4 3
cfi=(30)
cfn=(94)
calls=3 26 
* 57
* 9
+2 9
cfi=(33)
cfn=(122)
calls=2 60 
* 7134
cfi=(2)
cfn=(96)
calls=1 624 
* 2458
+1 6
+2 3
+1 3
-3 3
+1 6
+1 3
+1 3
+8 12

fl=(24)
fn=(66)
61 15
+4 15
+3 14
+1 14
+2 5
+1 5
+2 5
+1 5
+5 5
+1 5
-1 9
+1 9
+2 10
+1 10
+2 10
+1 10
+5 10
+1 10
-1 4
+1 4
+2 5
+1 5
+2 5
+1 5
+5 5
+1 5
-1 9
+1 9
+2 7
+1 7
+2 7
+1 14
+5 7
+1 7
-1 7
+1 9
+5 2
+1 2
+1 2
+1 2
+2 2
+2 2
+1 2
+2 2
+6 14
+4 14
+12 2
+2 2
+1 2
+26 2
+1 2
+3 2
+1 2
+1 2
+5 2
+2 2
+1 2
+1 2
+1 2
+2 2
+1 2
+1 2
+1 2
+2 2
+1 2
+2 2
+22 2
+2 2
+2 1
+7 1

fl=(13)
fn=(44)
32 6
+2 3
-2 9
+2 3
cfi=(2)
cfn=(46)
calls=3 837 
* 6
+2 22
+4 3
-1 15
+2 2
+2 2
+4 2
+4 2
-4 4
+1 4
+1 4
+2 2
+1 6
-1 2
cfi=(2)
cfn=(48)
calls=2 843 
* 4
-4 1
+4 1
-4 2
+1 2
+1 2
+2 1
+1 3
-1 1
cfi=(2)
cfn=(48)
calls=1 843 
* 2
-5 2

fn=(28)
61 42
+1 3
cfi=(9)
cfn=(18)
calls=3 -36 
* 150
+6 3
-6 12
+6 33
+7 12
cfi=(15)
cfn=(32)
calls=3 +27 
* 134
* 3
+3 3
-3 3
+3 3
+4 3
+5 6
-6 3
+6 3
-5 3
+4 6
+1 3
cfi=(16)
cfn=(42)
calls=3 -26 
* 88
* 3
+10 6
-8 3
+9 3
-1 6
+1 6
-1 3
+1 6
+3 3
-3 3
+3 3
+9 3
-7 3
+4 3
+3 8
+2 2
-2 2
+2 30
-2 30
+12 3
+6 3
-5 3
-1 3
+6 9
-2 3
+2 6
+2 6
+3 7
+4 6
+4 6
+2 1
+6 1
+3 2
+3 5
-3 4
+3 10
+2 2
+4 2
-4 2
cfi=(9)
cfn=(18)
calls=2 26 
* 144
* 4
+4 2
-4 2
+4 6
+64 4
+4 24
-88 6
-39 7
+39 3
+70 6
cfi=(24)
cfn=(66)
calls=2 61 
* 71
* 2
+5 40
+1 40
-1 40
+1 42
-1 2
+1 6
+5 4
-57 4
cfi=(15)
cfn=(36)
calls=2 -72 
* 68
* 2
+1 2
-1 2
+1 6

fl=(32)
fn=(112)
34 3
-1 3
+1 3
+1 18
+4 3

fl=(1) ???
fn=(0) 0x00000000000012d0
0 2
cfi=(2)
cfn=(2)
calls=1 361 
0 96094
0 14
cfi=(48)
cfn=(202)
calls=1 86 
0 1504
0 3
cob=(5)
cfi=(59)
cfn=(242) 0x00000000004004d0
calls=1 0 
0 114928

fl=(17)
fn=(50)
131 185
+1 185
+1 185
+1 117
+1 117
+1 117
+1 117
cfn=(51) strcmp'2
calls=117 -6 
* 8593
+5 68
+1 68
+1 68
+1 68

fn=(51)
131 1197
+1 1197
+1 1197
+1 1187
+1 1187
+1 1187
+1 1187
cfn=(51)
calls=1080 -6 
* 46351
+2 107
+1 107
+2 10
+1 10
+1 10
+1 10

fl=(25)
fn=(198)
81 4
+1 1

fn=(68)
81 45
+1 9

fn=(114)
81 24
+1 6

fl=(39)
fn=(158)
154 40
+15 4
-15 8
+15 4
+1 16
+6 8
+6 12
-18 8
+22 8
+7 8
-32 4
+77 4
fi=(5)
71 4
fe=(39)
238 8
fi=(5)
71 12
fe=(39)
264 180
-99 15
fi=(5)
276 24
fe=(39)
-12 3
fi=(4)
48 3
fe=(39)
264 3
fi=(4)
58 3
fe=(39)
264 3
fi=(4)
47 6
+11 6
fe=(39)
264 1
-99 5
fi=(5)
276 8
fe=(39)
-12 1
fi=(4)
48 1
fe=(39)
264 1
fi=(4)
58 1
fe=(39)
264 1
fi=(4)
47 2
+11 2
fe=(39)
264 4
fi=(4)
48 4
fe=(39)
264 4
fi=(4)
58 4
fe=(39)
264 4
fi=(4)
47 8
+11 8
+3 12
fi=(5)
503 30
+4 30
+2 45
+1 15
fi=(4)
61 57
+2 60
+2 17
-4 3
+13 6
+1 5
+1 10
fi=(5)
503 5
+24 5
fi=(4)
75 5
fi=(5)
527 5
+2 5
cob=(3)
cfi=(46) /build/eglibc-oGUzwX/eglibc-2.19/string/../sysdeps/x86_64/multiarch/memmove.c
cfn=(186) memcpy@GLIBC_2.2.5
calls=1 49 
* 13
cob=(3)
cfi=(45) /build/eglibc-oGUzwX/eglibc-2.19/time/../sysdeps/unix/sysv/linux/x86_64/gettimeofday.c
cfn=(182) gettimeofday
calls=1 31 
* 68
cob=(3)
cfi=(40) /build/eglibc-oGUzwX/eglibc-2.19/string/../sysdeps/x86_64/multiarch/strcmp.S
cfn=(180) strncasecmp
calls=1 140 
* 6
cob=(3)
cfi=(42) /build/eglibc-oGUzwX/eglibc-2.19/time/../sysdeps/unix/sysv/linux/x86_64/time.c
cfn=(174) time
calls=1 37 
* 68
cob=(3)
cfi=(40)
cfn=(170) strcasecmp
calls=1 114 
* 100
fi=(4)
75 5
fi=(5)
530 5
fi=(4)
75 7
fe=(39)
264 3
fi=(4)
75 7
fe=(39)
264 21
+3 12
+28 4
+3 8
+17 12
+2 32
fi=(4)
84 5
+2 10
+12 5
-15 5
+15 5
-15 5
+15 5
+10 6
+3 8
fi=(5)
487 2
fi=(4)
112 4
fi=(5)
487 1196
fi=(4)
112 2384
fi=(5)
487 2384
+5 2388
+1 2388
fi=(4)
111 2388
fi=(5)
493 1194
fi=(4)
111 1194
+7 15
+3 4
+3 4
-3 4
+3 4
fi=(5)
422 3
fi=(4)
50 3
fi=(5)
422 3
fi=(4)
51 3
fi=(5)
422 12
fi=(4)
127 380
+9 190
+3 190
fi=(5)
244 95
fi=(4)
138 95
-2 95
+1 380
fi=(5)
244 95
+21 190
+4 190
+7 1805
fi=(4)
137 75
+1 75
fi=(5)
276 150
fi=(4)
137 75
fi=(5)
276 249
fi=(4)
137 6
+1 6
fi=(5)
276 12
fi=(4)
137 6
fi=(5)
276 1071
cfi=(6)
cfn=(164)
calls=81 714 
* 47712
* 405
+2 252
+3 93
-3 186
+3 279
+6 665
fe=(39)
183 8
+81 5
fi=(5)
77 6
+4 9
+14 3
-8 3
+8 6
+13 6
+3 12
410 252
fi=(4)
124 297
+19 6
fi=(5)
276 33
382 30
+4 50
+5 50
-71 2
+1 3
fi=(4)
108 3
fe=(39)
323 8
+1 4
+1 4
-1 4
-1 8
+2 4
+3 8
+1 12
cfi=(25)
cfn=(114)
calls=4 81 
* 20
* 8
fi=(4)
160 8
+2 20
+8 10
+1 5
-1 5
+1 5
fi=(5)
+73 5
fi=(4)
-74 10
fi=(5)
+74 5
+21 10
+4 10
+7 135
cfi=(6)
cfn=(164)
calls=5 714 
* 2504
* 20
+2 15
+3 1
-3 2
+3 3
+6 35
410 15
fi=(4)
160 15
+14 5
fi=(5)
276 86
fe=(39)

ob=(4)
fl=(49)
fn=(394)
0 8
cob=(3)
cfi=(85) /build/eglibc-oGUzwX/eglibc-2.19/stdlib/cxa_finalize.c
cfn=(406) __cxa_finalize
calls=1 31 
0 53
cob=(1)
cfi=(60)
cfn=(250)
calls=1 34 
0 684
0 5
0 1
cfn=(412) 0x00000000000005c0
calls=1 0 
0 9
0 3

fn=(210)
0 16

fn=(412)
0 9

ob=(5)
fl=(59)
fn=(382)
0 5
cfn=(386) 0x0000000000400500
calls=1 0 
0 8
0 3

fn=(268) 0x0000000000400590
0 15

fn=(286) encrypt(int*, int*, int)
0 27
cfn=(288) KeySchedule(int, int*)
calls=1 0 
0 8300
0 20
cfn=(292) AddRoundKey(int*, int, int)
calls=1 0 
0 406
0 47
cfn=(294) ByteSub_ShiftRow(int*, int)
calls=9 0 
0 2619
0 54
cfn=(296) MixColumn_AddRoundKey(int*, int, int)
calls=9 0 
0 14842
0 54
cfn=(294)
calls=1 0 
0 291
0 6
cfn=(292)
calls=1 0 
0 406
0 3
cob=(3)
cfi=(67) /build/eglibc-oGUzwX/eglibc-2.19/stdio-common/printf.c
cfn=(302) printf
calls=1 28 
0 1341
cob=(1)
cfi=(60)
cfn=(250)
calls=1 34 
0 775
0 5
0 136
cob=(3)
cfi=(77) /build/eglibc-oGUzwX/eglibc-2.19/libio/putchar.c
cfn=(336) putchar
calls=3 26 
0 240
cob=(1)
cfi=(60)
cfn=(250)
calls=1 34 
0 782
0 7
0 160
cob=(3)
cfi=(67)
cfn=(302)
calls=16 28 
0 8041
0 16
0 379

fn=(290) SubByte(int)
0 1760

fn=(296)
0 14842

fn=(242)
0 11
cob=(3)
cfi=(62) /build/eglibc-oGUzwX/eglibc-2.19/csu/libc-start.c
cfn=(256) (below main)
calls=1 133 
0 113980
cob=(1)
cfi=(60)
cfn=(250)
calls=1 34 
0 932
0 5

fn=(288)
0 1444
cfn=(290)
calls=20 0 
0 440
0 320
cfn=(290)
calls=20 0 
0 440
0 160
cfn=(290)
calls=20 0 
0 440
0 140
cfn=(290)
calls=20 0 
0 440
0 12776

fn=(292)
0 1624

fn=(262) __libc_csu_init
0 16
cob=(2)
cfi=(14)
cfn=(264)
calls=1 0 
0 6
0 7
cfn=(268)
calls=1 0 
0 15
0 11

fn=(282) main
0 4
cfn=(284) aes_main()
calls=1 0 
0 108701
0 5
cob=(3)
cfi=(67)
cfn=(302)
calls=1 28 
0 1350
0 1
0 5
cob=(3)
cfi=(80) /build/eglibc-oGUzwX/eglibc-2.19/libio/ioputs.c
cfn=(358) puts
calls=1 34 
0 350
cob=(1)
cfi=(60)
cfn=(250)
calls=1 34 
0 744
0 5
0 4

fn=(284)
0 38
cfn=(286)
calls=1 0 
0 38957
0 4
cfn=(342) decrypt(int*, int*, int)
calls=1 0 
0 69699
0 3

fn=(342)
0 27
cfn=(288)
calls=1 0 
0 8300
0 20
cfn=(292)
calls=1 0 
0 406
0 5
cfn=(344) InversShiftRow_ByteSub(int*, int)
calls=1 0 
0 291
0 58
cfn=(346) AddRoundKey_InversMixColumn(int*, int, int)
calls=9 0 
0 47103
0 45
cfn=(344)
calls=9 0 
0 2619
0 35
cfn=(292)
calls=1 0 
0 406
0 3
cob=(3)
cfi=(67)
cfn=(302)
calls=1 28 
0 1307
0 1
0 132
cob=(3)
cfi=(77)
cfn=(336)
calls=1 26 
0 80
0 1
0 160
cob=(3)
cfi=(67)
cfn=(302)
calls=16 28 
0 8067
0 16
0 617

fn=(386)
0 8

fn=(294)
0 2910

fn=(344)
0 2910

fn=(346)
0 47103

ob=(3)
fl=(68) /build/eglibc-oGUzwX/eglibc-2.19/stdio-common/vfprintf.c
fn=(304) vfprintf
235 385
+35 105
1295 106
+4 175
+11 70
+11 35
fi=(88) /build/eglibc-oGUzwX/eglibc-2.19/stdio-common/printf-parse.h
108 70
fe=(68)
1321 175
fi=(88)
108 35
cfi=(69) /build/eglibc-oGUzwX/eglibc-2.19/string/../sysdeps/x86_64/strchr.S
cfn=(306) strchrnul
calls=35 -84 
* 748
fe=(68)
1336 35
fi=(88)
108 35
fe=(68)
1332 35
+4 70
+4 245
cfi=(70) /build/eglibc-oGUzwX/eglibc-2.19/libio/fileops.c
cfn=(308) _IO_file_xsputn@@GLIBC_2.2.5
calls=35 -59 
* 3592
* 105
2098 175
+3 35
+1 280
1295 68
+41 245
+1 525
2098 175
+1 105
1340 70
+4 35
-4 35
+4 70
+4 231
283 33
-6 33
-3 33
1325 33
-8 33
240 33
1396 264
-3 33
-1 33
-17 33
+1 33
+1 33
+1 33
+1 33
+1 33
+1 33
+1 33
+1 33
+1 33
+1 33
+3 33
+1 33
1580 66
-21 99
1396 297
2091 66
+2 66
+2 66
1680 66
+8 33
fi=(88)
108 66
fe=(68)
1688 33
fi=(88)
108 33
fe=(68)
1688 33
fi=(88)
108 33
cfi=(69)
cfn=(306)
calls=33 -84 
* 660
fe=(68)
1692 33
-4 33
+4 297
cfi=(70)
cfn=(308)
calls=33 1281 
* 817
* 33
-10 33
+10 363
+2 33
-2 33
+2 33
-34 1457
cfi=(70)
cfn=(308)
calls=33 1281 
* 2554
* 627
cfi=(75) /build/eglibc-oGUzwX/eglibc-2.19/stdio-common/_itoa.c
cfn=(328) _itoa_word
calls=33 168 
* 866
* 1515

fl=(87) /build/eglibc-oGUzwX/eglibc-2.19/posix/../sysdeps/unix/sysv/linux/_exit.c
fn=(430) _Exit
28 2
+4 1
+2 2

fl=(76) /build/eglibc-oGUzwX/eglibc-2.19/string/../sysdeps/x86_64/memcpy.S
fn=(330) __GI_mempcpy
61 37
+4 37
+3 37
+1 37
+2 7
+1 7
+2 7
+1 7
+5 7
+1 7
-1 30
+1 30
+2 29
+1 29
+2 29
+1 29
+5 29
+1 29
-1 8
+1 8
+2 1
+1 1
+2 1
+1 1
+5 1
+1 1
-1 36
+1 36
+2 1
+1 1
+2 1
+1 2
+5 1
+1 1
-1 36
+1 36
+21 37
+4 37

fl=(54) /build/eglibc-oGUzwX/eglibc-2.19/string/../sysdeps/x86_64/strrchr.S
fn=(226) rindex
24 1
+1 1
+1 1
+1 1
+1 1
+1 1
+1 1
+1 1
+1 1
+1 1
+1 1
+1 1
+1 1
+1 1
+1 1
+1 1
+1 1
+1 1
+1 1
+1 1
+1 1
+1 1
+1 1
+1 1

fl=(44) /build/eglibc-oGUzwX/eglibc-2.19/elf/../sysdeps/unix/sysv/linux/dl-vdso.c
fn=(178) _dl_vdso_vsym
27 4
-1 4
+1 4
+4 8
-3 8

fl=(64) /build/eglibc-oGUzwX/eglibc-2.19/setjmp/../sysdeps/x86_64/bsd-_setjmp.S
fn=(276) _setjmp
30 1
+2 1
cfi=(65) /build/eglibc-oGUzwX/eglibc-2.19/setjmp/../sysdeps/x86_64/setjmp.S
cfn=(278) __sigsetjmp
calls=1 -6 
* 27

fl=(40)
fn=(180)
140 1
+1 1
+4 1
+1 1
+1 1
+11 1

fn=(170)
114 1
+1 1
+1 1
cfi=(41) /build/eglibc-oGUzwX/eglibc-2.19/csu/../sysdeps/x86_64/multiarch/init-arch.c
cfn=(172) __init_cpu_features
calls=1 -62 
* 93
+3 1
+1 1
+1 1
+11 1

fl=(74) /build/eglibc-oGUzwX/eglibc-2.19/misc/../sysdeps/unix/syscall-template.S
fn=(320) mmap
81 5
+1 1

fl=(80)
fn=(358)
34 4
+2 1
cfi=(81) /build/eglibc-oGUzwX/eglibc-2.19/string/../sysdeps/x86_64/strlen.S
cfn=(360) strlen
calls=1 +30 
* 16
+1 1
-1 1
+1 18
+3 3
+1 4
cfi=(70)
cfn=(308)
calls=1 1281 
* 133
* 2
+1 4
+1 4
fi=(78) /build/eglibc-oGUzwX/eglibc-2.19/libio/libioP.h
904 2
+1 8
fe=(80)
47 5
-8 2
+3 2
cfi=(71) /build/eglibc-oGUzwX/eglibc-2.19/libio/genops.c
cfn=(338) __overflow
calls=1 241 
* 137
* 3

fl=(45)
fn=(182)
31 1
-1 1
fi=(43) /build/eglibc-oGUzwX/eglibc-2.19/time/../sysdeps/generic/dl-hash.h
+14 1
fe=(45)
-13 2
fi=(43)
+14 1
fe=(45)
-14 1
fi=(43)
+12 1
+5 3
+1 2
+13 2
-17 3
+3 9
+1 6
+13 6
-17 9
+22 1
fe=(45)
-36 2
+3 2
-3 1
+3 1
cfi=(44)
cfn=(178)
calls=1 -7 
* 7
+1 3
+1 3

fl=(53) /build/eglibc-oGUzwX/eglibc-2.19/misc/init-misc.c
fn=(224) __init_misc
30 4
+1 5
+2 3
cfi=(54)
cfn=(226)
calls=1 -9 
* 24
+4 5
+1 3
+2 4

fl=(58)
fn=(238)
33 3
+1 1

fl=(46)
fn=(186)
49 1
-49 12

fl=(75)
fn=(328)
168 132
+2 130
+18 64
-8 512
-1 26
+9 2

fl=(82) /build/eglibc-oGUzwX/eglibc-2.19/stdlib/exit.c
fn=(364) exit
104 1
-1 1
+1 2
cfn=(366) __run_exit_handlers
calls=1 -69 
* 2603

fn=(366)
35 8
+5 1
cfi=(83) /build/eglibc-oGUzwX/eglibc-2.19/stdlib/cxa_thread_atexit_impl.c
cfn=(368) __call_tls_dtors
calls=1 +42 
* 1018
* 1
+6 8
+4 6
+3 1
-1 1
+2 5
+33 1
+1 1
-1 1
+1 1
+6 2
+1 5
cfi=(71)
cfn=(420) _IO_cleanup
calls=1 1010 
* 255
* 3
+2 2
cfi=(87)
cfn=(430)
calls=1 -69 
* 5
-19 1
+4 2
-2 2
+2 1
cob=(1)
cfi=(84)
cfn=(378)
calls=1 +49 
* 1271
+1 1

fl=(73) /build/eglibc-oGUzwX/eglibc-2.19/io/../sysdeps/unix/sysv/linux/wordsize-64/fxstat.c
fn=(318) _fxstat
34 1
-1 1
+1 1
+1 6
+4 1

fl=(85)
fn=(406)
31 3
+17 1
-17 5
+4 4
+4 6
-4 3
+32 4
+4 6
-4 3
+12 2
+3 1
-2 1
+2 6
-2 1
cfi=(86) /build/eglibc-oGUzwX/eglibc-2.19/nptl/../nptl/sysdeps/unix/sysv/linux/unregister-atfork.c
cfn=(408) __unregister_atfork
calls=1 -44 
* 7

fl=(41)
fn=(172)
54 1
-9 1
+9 1
+3 1
-3 1
+3 5
+95 2
+1 7
+7 3
+4 2
+2 3
+18 2
+5 1
+1 1
+2 1
+1 2
-9 4
+1 5
+1 2
-16 2
+1 1
+2 2
+3 2
31 2
+6 1
-6 1
+7 1
-1 1
+28 1
-27 1
+27 1
-28 1
+2 1
-1 1
+1 1
+26 1
+1 1
-35 4
+35 1
+5 1
-12 1
+12 1
+3 12
+27 1
-42 1
+42 1
+22 1
-64 1
+68 1

fl=(65)
fn=(278)
26 1
+9 1
+1 2
+1 1
+4 1
+1 1
+1 1
+1 1
+1 1
+2 2
+2 1
+1 1
+3 2
+2 1
+9 1
cfi=(66) /build/eglibc-oGUzwX/eglibc-2.19/setjmp/sigjmp.c
cfn=(280) __sigjmp_save
calls=1 -35 
* 9

fl=(50)
fn=(218)
52 8
+6 3
+14 1
fi=(51) /build/eglibc-oGUzwX/eglibc-2.19/csu/../sysdeps/generic/dl-hash.h
-28 1
fe=(50)
+26 1
+1 1
fi=(52) /build/eglibc-oGUzwX/eglibc-2.19/csu/../sysdeps/unix/sysv/linux/x86_64/init-first.c
-33 1
fi=(51)
+7 1
fi=(52)
-7 1
fe=(50)
+34 1
fi=(52)
-34 2
fi=(51)
+5 1
+5 3
+1 2
+13 2
-17 3
+3 9
+1 6
+13 6
-17 9
+22 1
fi=(52)
-29 2
+2 2
-2 1
+2 2
cfi=(44)
cfn=(178)
calls=1 -13 
* 7
+1 2
+5 2
-3 2
+1 1
+2 1
cfi=(44)
cfn=(178)
calls=1 -19 
* 7
fe=(50)
+40 1
fi=(52)
-36 1
fe=(50)
+36 2
fi=(52)
-36 2
+1 2
+1 1
fe=(50)
+34 1
cfi=(53)
cfn=(224)
calls=1 -56 
* 48
+8 1
cfi=(55) /build/eglibc-oGUzwX/eglibc-2.19/ctype/ctype-info.c
cfn=(228) __ctype_init
calls=1 -63 
* 16
+5 6
-34 1
-7 1
+7 4
fi=(52)
-23 2
fe=(50)

fl=(67)
fn=(302)
28 280
+4 35
-4 35
+5 35
-1 175
+1 105
cfi=(68)
cfn=(304)
calls=35 235 
* 19371
+4 70

fl=(79) /build/eglibc-oGUzwX/eglibc-2.19/io/../sysdeps/unix/syscall-template.S
fn=(350) write
81 8
cfn=(352) __write_nocancel
calls=4 * 
* 20

fn=(352)
81 20

fl=(55)
fn=(228)
31 5
+2 1
-2 2
+2 3
+2 5

fl=(66)
fn=(280)
29 2
-1 2
+1 2
+5 3

fl=(70)
fn=(424) _IO_file_setbuf@@GLIBC_2.2.5
461 2
+1 1
cfi=(71)
cfn=(426) _IO_default_setbuf
calls=1 +95 
* 51
* 2
+4 2
-1 2
+2 3
+2 1
+1 2

fn=(310) _IO_file_overflow@@GLIBC_2.2.5
824 212
+1 159
+7 367
+35 106
+3 98
+3 147
+1 147
+1 196
+4 49
+1 196
-45 2
+12 2
+9 4
+8 1
-4 1
+3 2
-2 2
-3 1
+1 2
+5 1
-1 1
+1 3
+1 2
+12 2
-1 1
+1 1
-1 1
cfn=(324) _IO_do_write@@GLIBC_2.2.5
calls=1 509 
* 91
* 2
-8 4
+1 4
+11 12
-12 4
cfn=(324)
calls=4 509 
* 288
-31 2
cfi=(71)
cfn=(312) _IO_doallocbuf
calls=1 414 
* 112
+1 6

fn=(308)
1281 102
+7 102
-7 714
+6 204
+7 228
+17 4
+4 46
+5 148
cfi=(76)
cfn=(330)
calls=37 61 
* 671
* 37
+6 37
-1 37
+1 74
+2 111
+27 76
+1 816
-45 2
+17 3
+4 16
cfn=(310)
calls=4 824 
* 516
* 8
+6 8
+1 24
+2 12
+11 8
+1 12
cfi=(71)
cfn=(326) _IO_default_xsputn
calls=3 447 
* 2193
* 6
-57 111
+1 74
+3 111
+2 307
-2 266
+4 12

fn=(324)
509 5
+2 5
-2 25
+2 10
+1 6
+11 16
+7 16
+8 20
cfn=(348) _IO_file_write@@GLIBC_2.2.5
calls=4 1254 
* 172
* 4
+1 12
+6 4
-4 4
+4 4
-4 12
+1 8
+3 4
-34 8
+32 4
-32 4
+1 16
-1 4
+1 8
+32 8

fn=(348)
1254 28
+2 20
+11 4
+1 4
-12 8
+5 4
-1 12
+1 8
cfi=(79)
cfn=(350)
calls=4 81 
* 28
+1 8
+9 12
+3 36

fn=(316) _IO_file_stat
1222 1
+1 3
cfi=(73)
cfn=(318)
calls=1 34 
* 10

fn=(428) _IO_file_sync@@GLIBC_2.2.5
886 1
+5 1
-5 1
+5 3
+2 1
+1 2
+17 2
+4 2

fl=(63) /build/eglibc-oGUzwX/eglibc-2.19/stdlib/cxa_atexit.c
fn=(258) __cxa_atexit
57 6
-22 2
cfn=(260) __new_exitfn
calls=1 +38 
* 38
+2 2
+4 1
+3 1
+1 1
-4 2
+2 1
+4 1
+1 1
+11 4

fn=(260)
73 1
+6 2
-6 3
+6 4
+2 4
-7 2
+9 3
-2 1
+10 1
-10 3
+45 1
+1 1
+3 4
+3 5
-21 1
+1 2

fl=(86)
fn=(408)
36 1
-8 2
+11 2
+82 2

fl=(42)
fn=(174)
37 1
-1 1
fi=(43)
+8 1
fe=(42)
-7 2
fi=(43)
+8 1
fe=(42)
-8 1
fi=(43)
+6 1
+5 3
+1 2
+13 2
-17 3
+3 9
+1 6
+13 6
-17 9
+22 1
fe=(42)
-30 2
+3 2
-3 1
+3 1
cfi=(44)
cfn=(178)
calls=1 -13 
* 7
* 3
+1 3

fl=(71)
fn=(420)
1010 1
+3 1
-3 2
-48 1
+48 2
+3 1
cfn=(422) _IO_flush_all_lockp
calls=1 822 
* 88
-63 1
+63 1
-63 3
+2 9
+2 2
-1 4
+3 4
+6 16
+8 5
+10 5
cfi=(70)
cfn=(424)
calls=1 461 
* 66
+3 2
+7 3
-40 9
+75 7
-53 1
+4 1
-4 1
+2 1
+1 1
+1 1
-2 1
+3 4
+6 3
+1 8

fn=(312)
414 3
+1 1
-1 1
+1 1
+6 4
-4 3
+1 3
cfi=(72) /build/eglibc-oGUzwX/eglibc-2.19/libio/filedoalloc.c
cfn=(314) _IO_file_doallocate
calls=1 96 
* 94
* 2

fn=(326)
447 3
+4 3
-1 3
-3 15
+3 15
+30 314
cfi=(70)
cfn=(310)
calls=44 824 
* 1452
* 88
+2 44
-2 44
-25 188
+29 6
+1 18

fn=(422)
822 3
+6 1
-6 5
+6 2
+6 1
-11 1
+10 1
+2 2
+4 2
-1 3
-1 3
+1 3
+3 9
+10 6
+4 3
-2 3
+2 6
+7 3
-27 6
+31 2
+2 2
+4 9
-31 12

fn=(426)
557 5
+1 1
-1 1
+1 1
cfi=(70)
cfn=(428)
calls=1 886 
* 13
* 2
+9 1
-7 1
+7 1
-7 1
400 1
562 1
+1 1
-1 1
+1 1
400 4
+7 1
-5 1
+1 1
+4 1
570 2
+2 1
-2 1
+1 3
+2 4

fn=(322) _IO_setb
399 5
+1 4
+3 1
+2 4
-3 1
+3 2
+3 4

fn=(338)
241 15
+2 15
cfi=(70)
cfn=(310)
calls=5 824 
* 263

fl=(72)
fn=(314)
96 5
+15 6
cfi=(70)
cfn=(316)
calls=1 1222 
* 14
* 2
+2 4
+11 3
+4 6
cfi=(74)
cfn=(320)
calls=1 -47 
* 6
* 2
+1 5
cfi=(71)
cfn=(322)
calls=1 399 
* 21
+1 1
+1 5
-13 1
fi=(89) /build/eglibc-oGUzwX/eglibc-2.19/libio/../sysdeps/unix/sysv/linux/sys/sysmacros.h
-77 6
fe=(72)
+77 1
-2 2
+8 1
-3 1
+3 2

fl=(56)
fn=(234) intel_check_word
162 8
+6 4
-7 8
+7 8
-7 4
+7 8
-7 4
+7 4
+2 4
-2 4
+2 12
+2 4
+2 8
-2 6
+2 12
+8 20
+53 16
fi=(57) /build/eglibc-oGUzwX/eglibc-2.19/string/../bits/stdlib-bsearch.h
27 8
+1 16
+3 16
+1 8
fe=(56)
150 16
fi=(57)
31 12
+1 6
fe=(56)
150 12
+3 54
fi=(57)
29 46
+2 46
-2 46
+2 80
+1 40
fe=(56)
150 80
295 8
170 16
-6 2
300 16
fi=(57)
37 8
-8 18
fe=(56)
194 10
+5 10
-5 14
+34 3
-34 15
+5 6
+4 8
+7 8
+3 2
+2 4
-10 2
-2 2
+2 3
+12 2
+2 2
+1 2
-3 2
+2 2
-1 2
-1 2
+2 2
-1 6
+1 2
-2 4

fn=(232) handle_intel
306 4
-1 4
+17 2
-17 12
+14 2
+1 4
-3 6
+23 10
cfn=(234)
calls=2 162 
* 636
+1 4
+3 10
cfn=(234)
calls=2 162 
* 167
+1 4
-17 4
+5 2
-5 4
+5 2
+2 2
+1 2
-1 4
+27 16

fn=(230)
550 1
+13 1
-13 1
+13 1
-13 1
+13 1
+7 2
+2 3
cfn=(232)
calls=1 306 
* 431
+4 2
-4 1
+4 1
cfn=(232)
calls=1 306 
* 470
+2 1
-2 1
-1 1
+3 1
+29 1
-18 1
+18 3
+7 2
+9 20
-9 12
+6 6
-6 3
+6 2
+49 4
+75 2
+2 1
+1 1
+2 1
-3 1
+5 1
-5 1
+4 3
+4 2
+2 1
+1 1
+2 1
-3 1
+5 1
+2 1
-7 1
+4 2
+3 1
-3 1
+3 2
-93 5
-45 2
+6 5
+7 2
+4 4
+2 4
-6 4
+4 1
-2 1
+2 1
-4 3
+4 1
-2 1
+2 1
+15 2
-8 1
+2 2
+1 1
-1 2
+1 1
+1 1

fl=(62)
fn=(256)
133 7
+4 1
-4 3
+4 3
+82 1
-82 1
+82 1
+1 4
cfi=(63)
cfn=(258)
calls=1 57 
* 60
+22 6
+3 2
+1 5
cob=(5)
cfi=(59)
cfn=(262)
calls=1 0 
* 55
+4 4
+15 2
+9 2
cfi=(64)
cfn=(276)
calls=1 30 
* 29
+1 2
+5 2
+1 2
+3 2
+3 6
cob=(5)
cfi=(59)
cfn=(282)
calls=1 0 
* 111169
+34 2
cfi=(82)
cfn=(364)
calls=1 104 
* 2607
137 2

fl=(69)
fn=(306)
24 68
+1 68
+1 68
+1 68
+1 68
+1 68
+1 68
+1 68
+1 68
+1 68
+1 68
+1 68
+1 68
+1 68
+1 68
+1 68
+1 68
+1 66
+2 66
+7 66
+4 2
+1 2
+1 2
+1 2
+1 2
+1 2
+1 2
+1 2
+1 2
+1 2
+1 2
+1 2
+1 2
+1 2
+1 2
+1 2
+1 2
+1 2
+1 2
+1 2
+1 2
+1 2
+1 2
+1 2
+52 2
+2 2
+7 2

fl=(77)
fn=(336)
26 4
+2 4
-2 4
+2 72
+1 12
fi=(78)
904 8
+1 32
fe=(77)
32 12
-3 8
cfi=(71)
cfn=(338)
calls=4 241 
* 156
* 8

fl=(83)
fn=(368)
82 3
+1 2
cob=(1)
cfi=(36)
cfn=(376)
calls=1 770 
* 11
cob=(1)
cfi=(60)
cfn=(250)
calls=1 -49 
* 990
* 5
* 3
+18 4

fl=(81)
fn=(360)
66 1
+1 1
+1 1
+1 1
+1 1
+1 1
+1 1
+2 1
+2 1
+30 1
+1 1
+1 1
+1 1
+1 1
+1 1
+1 1

totals: 212545
