version: 1
creator: callgrind-3.10.1
pid: 29988
cmd:  test
part: 1


desc: I1 cache: 
desc: D1 cache: 
desc: LL cache: 

desc: Timerange: Basic block 0 - 48138
desc: Trigger: Program termination

positions: line
events: Ir
summary: 208140


ob=(1) /lib/x86_64-linux-gnu/ld-2.19.so
fl=(17) /build/eglibc-oGUzwX/eglibc-2.19/string/../sysdeps/x86_64/multiarch/../strcmp.S
fn=(50) strcmp
131 269
+1 269
+1 269
+1 156
+1 156
+1 156
+1 156
cfn=(51) strcmp'2
calls=156 -6 
* 11700
+5 113
+1 113
+1 113
+1 113

fn=(51)
131 1630
+1 1630
+1 1630
+1 1619
+1 1619
+1 1619
+1 1619
cfn=(51)
calls=1474 -6 
* 65689
+2 145
+1 145
+2 11
+1 11
+1 11
+1 11

fl=(25) /build/eglibc-oGUzwX/eglibc-2.19/misc/../sysdeps/unix/syscall-template.S
fn=(198) munmap
81 4
+1 1

fn=(114) mprotect
81 24
+1 6

fn=(68) mmap
81 45
+1 9

fl=(39) /build/eglibc-oGUzwX/eglibc-2.19/elf/dl-reloc.c
fn=(158) _dl_relocate_object
154 40
+15 4
-15 8
+15 4
+1 16
+6 8
+6 12
-18 8
+22 8
+7 8
-32 4
+77 4
fi=(5) /build/eglibc-oGUzwX/eglibc-2.19/elf/../sysdeps/x86_64/dl-machine.h
71 4
fe=(39)
238 8
fi=(5)
71 12
fe=(39)
264 180
-99 15
fi=(5)
276 24
fe=(39)
-12 3
fi=(4) /build/eglibc-oGUzwX/eglibc-2.19/elf/do-rel.h
48 3
fe=(39)
264 3
fi=(4)
58 3
fe=(39)
264 3
fi=(4)
47 6
+11 6
fe=(39)
264 1
-99 5
fi=(5)
276 8
fe=(39)
-12 1
fi=(4)
48 1
fe=(39)
264 1
fi=(4)
58 1
fe=(39)
264 1
fi=(4)
47 2
+11 2
fe=(39)
264 4
fi=(4)
48 4
fe=(39)
264 4
fi=(4)
58 4
fe=(39)
264 4
fi=(4)
47 8
+11 8
+3 12
fi=(5)
503 136
+4 136
+2 204
+1 68
fi=(4)
61 216
+2 219
+2 17
-4 3
+13 6
+1 5
+1 10
fi=(5)
503 5
+24 5
fi=(4)
75 5
fi=(5)
527 5
+2 5
cob=(3) /lib/x86_64-linux-gnu/libc-2.19.so
cfi=(46) /build/eglibc-oGUzwX/eglibc-2.19/string/../sysdeps/x86_64/multiarch/memmove.c
cfn=(186) memcpy@GLIBC_2.2.5
calls=1 49 
* 13
cob=(3)
cfi=(45) /build/eglibc-oGUzwX/eglibc-2.19/time/../sysdeps/unix/sysv/linux/x86_64/gettimeofday.c
cfn=(182) gettimeofday
calls=1 31 
* 68
cob=(3)
cfi=(40) /build/eglibc-oGUzwX/eglibc-2.19/string/../sysdeps/x86_64/multiarch/strcmp.S
cfn=(180) strncasecmp
calls=1 140 
* 6
cob=(3)
cfi=(42) /build/eglibc-oGUzwX/eglibc-2.19/time/../sysdeps/unix/sysv/linux/x86_64/time.c
cfn=(174) time
calls=1 37 
* 68
cob=(3)
cfi=(40)
cfn=(170) strcasecmp
calls=1 114 
* 100
fi=(4)
75 5
fi=(5)
530 5
fi=(4)
75 7
fe=(39)
264 3
fi=(4)
75 7
fe=(39)
264 21
+3 12
+28 4
+3 8
+17 12
+2 32
fi=(4)
84 5
+2 10
+12 5
-15 5
+15 5
-15 5
+15 5
+10 6
+3 8
fi=(5)
487 2
fi=(4)
112 4
fi=(5)
487 1196
fi=(4)
112 2384
fi=(5)
487 2384
+5 2388
+1 2388
fi=(4)
111 2388
fi=(5)
493 1194
fi=(4)
111 1194
+7 15
+3 4
+3 4
-3 4
+3 4
fi=(5)
422 3
fi=(4)
50 3
fi=(5)
422 3
fi=(4)
51 3
fi=(5)
422 12
fi=(4)
127 396
+9 198
+3 198
fi=(5)
244 99
fi=(4)
138 99
-2 99
+1 396
fi=(5)
244 99
+21 198
+4 198
+7 1893
fi=(4)
137 79
+1 79
fi=(5)
276 158
fi=(4)
137 79
fi=(5)
276 261
fi=(4)
137 6
+1 6
fi=(5)
276 12
fi=(4)
137 6
fi=(5)
276 1123
cfi=(6) /build/eglibc-oGUzwX/eglibc-2.19/elf/dl-lookup.c
cfn=(164) _dl_lookup_symbol_x
calls=85 714 
* 50408
* 425
+2 264
+3 97
-3 194
+3 291
+6 693
fe=(39)
183 8
+81 5
fi=(5)
77 6
+4 9
+14 3
-8 3
+8 6
+13 6
+3 12
410 252
fi=(4)
124 309
+19 6
fi=(5)
276 33
382 30
+4 50
+5 50
-71 2
+1 3
449 12
+4 24
cfi=(16) /build/eglibc-oGUzwX/eglibc-2.19/string/../sysdeps/x86_64/multiarch/../memcpy.S
cfn=(42) memcpy
calls=4 61 
* 72
+2 12
+1 4
fi=(4)
108 3
fe=(39)
323 8
+1 4
+1 4
-1 4
-1 8
+2 4
+3 8
+1 12
cfi=(25)
cfn=(114)
calls=4 81 
* 20
* 8
fi=(4)
160 8
+2 20
+8 10
+1 5
-1 5
+1 5
fi=(5)
+73 5
fi=(4)
-74 10
fi=(5)
+74 5
+21 10
+4 10
+7 135
cfi=(6)
cfn=(164)
calls=5 714 
* 2504
* 20
+2 15
+3 1
-3 2
+3 3
+6 35
410 15
fi=(4)
160 15
+14 5
fi=(5)
276 86
fe=(39)

fl=(32) /build/eglibc-oGUzwX/eglibc-2.19/io/../sysdeps/unix/sysv/linux/wordsize-64/fxstat.c
fn=(112) _fxstat
34 3
-1 3
+1 3
+1 18
+4 3

fl=(8) /build/eglibc-oGUzwX/eglibc-2.19/elf/../sysdeps/unix/sysv/linux/x86_64/brk.c
fn=(14) brk
31 1
-3 1
+3 6
+8 1
-6 2
+7 1

fl=(12) /build/eglibc-oGUzwX/eglibc-2.19/string/../string/memcmp.c
fn=(26) bcmp
315 12
+3 12
-3 60
+4 12
-4 12
+7 24
+4 12
+16 4
+1 8
-1 8
129 21
-18 6
346 4
+4 2
+2 2
-2 4
+1 2
+5 20
+2 9
+1 9
+1 9
+3 98
-3 56
-2 56
+1 56
+4 112
-7 128
+12 9
+1 96
228 1
-7 1
+1 1
+4 1
+2 1
-6 1
+4 1
+2 5
-95 3
+1 3
+1 3
+1 3
+1 3
+48 3
-2 3
+1 3
+1 15
-80 2
+1 4
+4 4
-5 8
+1 16
+4 18
234 1
+2 1
-4 1
+1 1
+4 1
-2 1
+56 2
-2 1
+2 2
-1 1
+1 2
+1 2
+12 6
+1 2
197 2
299 2
192 2

fl=(6)
fn=(168) check_match.9481
131 707
+1 202
+2 202
+2 303
-2 202
+12 303
+3 346
cfi=(17)
cfn=(50)
calls=36 -18 
* 3117
* 72
+5 101
-1 101
+1 101
-1 101
+1 101
+2 198
+19 198
+1 792
+46 707
-18 4
+2 4
+1 6
-1 4
+1 2
-1 4
-29 297
cfi=(17)
cfn=(50)
calls=99 -46 
* 8584
* 198

fn=(10) _dl_setup_hash
859 12
+4 4
+4 8
+2 4
-1 4
+3 12
+1 4
+1 8
+3 4
-1 4
-2 4
+3 4
+4 8
-2 4
+1 4
+1 8
+1 4

fn=(164)
714 1284
476 107
714 214
476 321
-1 214
+2 107
-1 107
+1 321
-1 321
+1 1271
-1 1271
+1 3813
-1 4027
716 107
+4 107
+4 107
-8 107
+1 214
+7 305
+5 107
+2 214
-2 107
+6 856
+2 1391
cfn=(166) do_lookup_x
calls=107 82 
* 44296
+3 214
+3 6
-8 24
-7 214
+38 214
+22 101
+1 707
+26 101
+9 505
+14 303
+3 404
+5 101
+2 856
-9 2
-71 42
+16 6
+1 12

fn=(166)
82 963
+1 107
-6 107
+5 321
-5 749
+12 107
229 107
+3 214
-3 107
+3 214
98 107
-3 107
+1 107
+2 107
+3 107
-3 107
+3 107
-3 217
-3 217
+1 217
+2 217
+3 217
-3 217
+3 217
+4 672
+4 640
+4 640
+6 960
+4 640
+1 960
225 320
+1 640
+4 640
-2 320
+5 1280
+4 640
-1 640
+1 320
-1 640
+21 219
+24 438
461 1230
+1 230
cfi=(31) /build/eglibc-oGUzwX/eglibc-2.19/elf/dl-misc.c
cfn=(100) _dl_name_match_p
calls=46 288 
* 1928
* 276
+3 669
+3 12
286 756
+4 241
+13 101
+1 101
-1 101
+1 101
+1 101
469 856
240 432
-1 216
+2 216
+2 321
+10 357
-7 1100
+2 202
+1 404
-1 202
+1 101
-1 404
+1 303
cfn=(168)
calls=101 131 
* 16957
+1 505

fl=(60) /build/eglibc-oGUzwX/eglibc-2.19/elf/../sysdeps/x86_64/dl-trampoline.S
fn=(250) _dl_runtime_resolve
34 17
+2 17
+1 17
+1 17
+1 17
+1 17
+1 17
+1 17
+1 17
+1 17
+1 17
cfi=(61) /build/eglibc-oGUzwX/eglibc-2.19/elf/../elf/dl-runtime.c
cfn=(252) _dl_fixup
calls=17 +21 
* 13599
+1 17
+1 17
+1 17
+1 17
+1 17
+1 17
+1 17
+1 17
+1 17
+2 17

fl=(20) /build/eglibc-oGUzwX/eglibc-2.19/posix/../sysdeps/unix/syscall-template.S
fn=(58) uname
81 4
+1 1

fl=(19) /build/eglibc-oGUzwX/eglibc-2.19/elf/../sysdeps/unix/sysv/linux/dl-sysdep.c
fn=(56) _dl_discover_osversion
45 7
+2 3
+85 8
-45 3
cfi=(20)
cfn=(58)
calls=1 -6 
* 5
* 1
+15 1
-15 1
+20 1
-1 1
+3 12
+4 3
-2 6
+2 10
+2 1
+1 2
-3 4
+7 3
-1 3
+4 3
-2 3
+2 10
+5 2

fl=(15) /build/eglibc-oGUzwX/eglibc-2.19/elf/dl-minimal.c
fn=(32) calloc
102 8
+7 24
-3 8
+3 16
+4 8
cfn=(36) malloc
calls=8 -20 
* 298
* 8

fn=(36)
93 21
+1 42
cfn=(40) __libc_memalign
calls=21 -43 
* 677
* 21

fn=(76) strsep
338 8
+2 4
+1 8
+4 132
+7 366
-2 244
+10 61
-15 185
+18 2
+4 4

fn=(40)
51 88
+1 108
+11 21
+1 21
-1 21
+3 21
-3 21
+3 42
-3 1
+1 1
-1 1
+3 1
-3 1
+3 78
+4 12
+1 9
+6 21
cfi=(25)
cfn=(68)
calls=3 +4 
* 18
+2 15
+4 9
+3 3
+1 3
+2 15
-3 19
+1 19
+2 152
-31 3
+1 1
-2 3

fn=(82) free
121 1
-2 2
+2 1
+7 2

fl=(26) /build/eglibc-oGUzwX/eglibc-2.19/string/../sysdeps/x86_64/rtld-memset.S
fn=(70) memset
30 13
+1 13
+1 13
+1 2161
+1 13
+1 13

fl=(30) /build/eglibc-oGUzwX/eglibc-2.19/setjmp/../sysdeps/x86_64/setjmp.S
fn=(94) __sigsetjmp
26 3
+9 3
+1 6
+1 3
+4 3
+1 3
+1 3
+1 3
+1 3
+2 6
+2 3
+1 3
+3 6
+2 3
+4 3
+1 3

fl=(34) /build/eglibc-oGUzwX/eglibc-2.19/io/../sysdeps/unix/sysv/linux/wordsize-64/xstat.c
fn=(128) _xstat
34 4
-1 4
+1 4
+1 24
+4 1
-4 12

fl=(61)
fn=(252)
66 34
+6 34
-6 51
+3 17
-1 17
+1 17
+3 17
+1 17
-1 34
+1 85
+1 17
-1 17
+1 34
+5 34
+4 34
+4 51
+4 32
+1 64
+2 64
+7 51
-1 17
+8 34
+3 153
cfi=(6)
cfn=(164)
calls=17 714 
* 12196
* 17
+4 51
+4 68
+6 102
+16 17
-8 17
+8 51
+4 51
fi=(5)
+65 17
fe=(61)
-61 85
-64 2

fl=(9) /build/eglibc-oGUzwX/eglibc-2.19/string/../sysdeps/x86_64/multiarch/../rtld-strlen.S
fn=(18) strlen
26 13
+1 13
+1 13
+1 13
+2 6
+1 6
+2 6
+1 6
-1 18
+1 18
+1 23
+1 23
+1 23
+2 24
+5 12
+1 12
+1 12
+1 12
+3 12
-6 4
+1 4
+1 4
+1 4
+3 4
+1 15
+1 15
+1 15
+2 15
+3 13
+1 13
+1 13
+1 13
+3 13
+1 7
+1 7
+1 7
+2 7
+3 6
+1 6
+1 6
+1 6
+3 6
+1 6
+1 6
+1 6
+2 6
+3 6
+1 6
+1 6
+1 6
+3 6
+1 5
+1 5
+1 5
+2 6
+3 1
+2 1
+1 1
-3 11
+2 11
+1 11
+1 12
+2 12
+1 12
+1 12
+2 12
+1 12
+1 10
+2 10
+1 10
+1 8
+2 8
+2 8
+1 8
+1 7
+2 7
+1 7
+1 7
+2 7
+1 7
+1 5
+2 5
+1 5
-1 8
+1 8

fl=(33) /build/eglibc-oGUzwX/eglibc-2.19/elf/dl-deps.c
fn=(120) _dl_map_object_deps
147 1
+1 1
-1 2
+1 1
-1 1
+1 1
-1 1
+1 2
-1 5
+1 1
-1 1
+1 2
+14 1
-2 1
+1 1
-13 1
+14 1
+6 3
+10 1
-10 1
+10 3
-14 1
-4 1
+2 1
+17 1
-17 1
-2 2
+2 1
-2 1
+2 1
-2 1
+1 1
+1 1
+6 3
+10 1
-10 1
+10 3
-16 3
+20 1
+21 1
+1 1
-22 2
+19 1
-12 1
+15 1
-16 1
+13 1
343 9
209 1
+8 1
-4 1
+4 1
-8 3
+8 3
-4 3
+4 3
+12 8
+2 2
+11 2
-5 2
-6 4
+5 2
+2 4
+1 4
+3 8
-32 2
+32 4
+50 4
+1 3
-51 192
+1 96
+6 10
cfi=(27) /build/eglibc-oGUzwX/eglibc-2.19/string/../sysdeps/x86_64/multiarch/../strchr.S
cfn=(72) index
calls=2 24 
* 70
* 4
+5 10
-3 2
+3 2
cfi=(29) /build/eglibc-oGUzwX/eglibc-2.19/elf/dl-error.c
cfn=(90) _dl_catch_error
calls=2 -91 
* 7264
+2 6
+15 2
+2 4
+5 2
+6 2
-6 4
+3 2
+1 2
+1 2
+1 2
+4 10
-2 8
-57 8
-19 2
471 8
+2 6
+3 4
-1 2
cfi=(15)
cfn=(36)
calls=2 93 
* 68
* 2
+2 2
-2 2
+2 2
+3 2
+1 12
cfi=(16)
cfn=(42)
calls=2 61 
* 41
+1 10
cfi=(16)
cfn=(42)
calls=2 61 
* 41
+4 2
-1 2
+5 16
+3 9
-1 4
+1 8
202 1
497 6
+1 2
+3 5
+11 3
-1 1
cfi=(15)
cfn=(36)
calls=1 93 
* 34
* 1
+3 1
-3 1
+3 1
+5 7
+1 4
+2 9
+6 9
+4 3
-10 3
+10 3
-10 7
+6 3
+4 1
-10 1
+10 1
-10 3
+13 2
+51 6
+2 3
+42 2
+1 1
-1 6
+1 1
cfi=(26)
cfn=(70)
calls=1 30 
* 14
* 1
-2 10
+13 1
-6 1
-1 1
+1 1
+6 2
-13 6
+13 2
-6 2
-1 2
+1 2
+6 6
+2 8
+1 4
-1 4
+1 4
+3 6
-1 9
+23 3
-28 6
+31 9
+3 20
cfi=(26)
cfn=(70)
calls=2 30 
* 18
* 15
217 8
+1 17
+2 2
+2 6
+2 26
658 2
+25 2
+2 1
+1 1
-1 1
+2 3
+7 3
+3 2
+3 8
295 138
623 7
cfi=(16)
cfn=(42)
calls=1 61 
* 28
+2 1
-38 1
+38 2

fn=(122) openaux
60 4
+7 2
-4 6
+1 2
-1 2
+1 2
-1 10
cfi=(21) /build/eglibc-oGUzwX/eglibc-2.19/elf/dl-load.c
cfn=(98) _dl_map_object
calls=2 2317 
* 7108
* 2
+5 4

fl=(2) /build/eglibc-oGUzwX/eglibc-2.19/elf/rtld.c
fn=(148) init_tls
723 1
-1 1
-6 1
+2 2
+4 1
+10 4
cfi=(15)
cfn=(32)
calls=1 102 
* 43
* 1
+11 1
-15 1
+3 1
+6 1
+2 1
-11 1
+15 1
+2 1
-1 1
+1 10
+2 8
+4 1
+2 1
-2 2
-5 8
+9 3
+3 1
cfi=(36) /build/eglibc-oGUzwX/eglibc-2.19/elf/dl-tls.c
cfn=(150) _dl_determine_tlsoffset
calls=1 112 
* 73
+7 1
cfi=(36)
cfn=(152) _dl_allocate_tls_storage
calls=1 328 
* 428
+1 1
-1 1
+1 1
+6 1
+8 1
-8 1
+8 6
+4 1
+2 1
+1 2

fn=(88) do_preload
803 1
+12 1
-12 5
+10 1
-4 1
+1 1
+5 4
-10 1
+6 1
+4 1
cfi=(29)
cfn=(90)
calls=1 163 
* 2519
+1 3
+8 3
+6 5

fn=(2) _dl_start
361 9
+18 4
fi=(3) /build/eglibc-oGUzwX/eglibc-2.19/elf/get-dynamic-info.h
44 1
fe=(2)
379 1
fi=(5)
58 3
fi=(3)
-14 1
fe=(2)
408 1
-3 1
fi=(3)
44 1
+17 2
-3 1
-7 1
+5 1
+3 1
+2 1
-3 1
-3 1
-3 2
-5 26
+15 13
-18 39
+18 1
-18 3
+2 36
+5 20
+1 16
+10 4
-18 12
+25 2
+20 4
+1 4
+1 4
+1 4
+2 4
+5 4
+1 4
+1 4
+6 3
+5 2
+7 3
+1 3
+8 3
+2 3
+3 2
+1 2
fe=(2)
536 2
+7 1
284 2
+12 2
cfi=(6)
cfn=(10)
calls=1 859 
* 25
+1 2
+1 2
+1 2
+1 2
+21 1
+10 1
-10 3
+10 1
-6 1
-4 1
+10 1
cfi=(7) /build/eglibc-oGUzwX/eglibc-2.19/elf/../elf/dl-sysdep.c
cfn=(12) _dl_sysdep_start
calls=1 86 
* 100110
* 1
+9 4
+3 1
+4 1
-4 1
+4 1
568 9
fi=(3)
53 4
+3 4
fe=(2)
541 34
fi=(4)
84 1
+27 1
-28 1
+28 2
+1 2
fi=(5)
492 2
fi=(4)
112 18
fi=(5)
492 18
+1 20
fi=(4)
111 20
fi=(5)
493 10
fi=(4)
111 10
+5 2
+8 1
fi=(5)
287 1
fi=(4)
124 2
+13 1
+2 2
-2 1
fi=(5)
241 1
fi=(4)
137 1
fi=(5)
269 1
fi=(4)
137 2
fi=(5)
269 1
fi=(4)
137 8
+2 16
-2 8
fi=(5)
241 8
fi=(4)
137 8
fi=(5)
269 8
fi=(4)
137 16
fi=(5)
269 8
+9 18
+3 9
-3 18
+3 27
+6 54
fi=(3)
59 4
+1 1
+1 2
fe=(2)
284 73
fi=(5)
391 9
+9 9
fi=(4)
124 28
fe=(2)

fn=(48) rtld_lock_default_unlock_recursive
843 10

fn=(140) version_check_doit
656 2
+2 4
cfi=(37) /build/eglibc-oGUzwX/eglibc-2.19/elf/dl-version.c
cfn=(142) _dl_check_all_versions
calls=1 380 
* 3310
* 2
+4 2

fn=(22) dl_main
887 1
+19 1
-19 9
+19 1
+3 1
2488 1
887 1
2488 1
909 1
+4 1
-26 1
+26 1
+1 2
+5 2
2481 2
+7 1
-4 1
+4 1
-5 1
+5 9
+2 2
cfi=(11) /build/eglibc-oGUzwX/eglibc-2.19/elf/dl-environ.c
cfn=(24) _dl_next_ld_env_entry
calls=1 30 
* 56
* 4
cfi=(11)
cfn=(24)
calls=2 30 
* 182
* 9
+4 48
+1 19
-1 57
+3 4
+6 16
+76 4
cfi=(12)
cfn=(26)
calls=1 315 
* 120
* 2
+2 3
-55 4
cfi=(12)
cfn=(26)
calls=1 315 
* 26
* 2
2653 3
+33 3
929 4
1128 7
cfi=(13) /build/eglibc-oGUzwX/eglibc-2.19/elf/dl-object.c
cfn=(28) _dl_new_object
calls=1 61 
* 248
+2 1
-2 1
+2 1
+1 1
+1 1
+5 2
-5 1
+1 3
+4 1
cfi=(13)
cfn=(44) _dl_add_to_namespace_list
calls=1 32 
* 34
+1 2
896 1
1167 1
-3 1
-5 1
+1 1
+2 1
+5 6
+56 2
893 1
1223 2
-55 24
-1 27
+1 47
-1 2
1270 3
+3 2
+2 2
+2 2
+13 3
+1 8
cfi=(17)
cfn=(50)
calls=1 131 
* 7
* 3
+7 1
+3 1
-5 1
+3 1
+2 1
+1 2
+4 2
+2 2
fi=(3)
29 1
+9 2
+6 1
-2 1
+2 2
+7 1
+5 1
+3 1
+2 1
-3 1
-3 1
-3 14
+10 3
-18 9
+8 19
+10 19
-18 57
+18 1
-18 3
+2 46
+5 16
+2 4
+16 3
+38 3
+5 2
+7 2
+1 3
+16 3
+14 3
+18 2
fe=(2)
1313 2
cfi=(6)
cfn=(10)
calls=1 859 
* 25
+3 4
fi=(18) /build/eglibc-oGUzwX/eglibc-2.19/elf/setup-vdso.h
24 2
fe=(2)
1338 1
cfi=(19)
cfn=(56)
calls=1 45 
* 93
* 8
1172 3
+1 1
+90 2
+1 2
+1 1
-6 2
+1 1
-37 2
-1 2
+1 4
-1 2
+2 4
+1 1
+3 2
+1 2
-1 2
+1 2
+1 2
+1 6
+1 2
-43 1
-2 2
+27 1
-25 1
+7 2
-10 1
+10 1
-19 3
+1 1
fi=(3)
56 4
+3 4
+1 1
+1 3
fe=(2)
2533 4
cfi=(12)
cfn=(26)
calls=1 315 
* 80
* 2
+2 3
1343 2
cfi=(21)
cfn=(60) _dl_init_paths
calls=1 714 
* 1692
+3 3
cfi=(28) /build/eglibc-oGUzwX/eglibc-2.19/elf/dl-debug.c
cfn=(84) _dl_debug_initialize
calls=1 50 
* 17
+7 1
-7 1
+2 1
+5 1
+3 3
+1 1
+3 1
-3 3
+1 2
+3 1
+5 1
-7 1
+7 1
+1 5
+4 1
+4 1
-2 4
+1 2
+1 3
+5 2
+1 6
+2 2
+1 2
+5 2
+5 3
902 1
1575 3
+3 2
+4 3
+5 2
+1 1
cfi=(28)
cfn=(86) _dl_debug_state
calls=1 74 
* 1
+5 3
+15 3
+4 3
+31 3
cfi=(23) /build/eglibc-oGUzwX/eglibc-2.19/io/../sysdeps/unix/syscall-template.S
cfn=(64) access
calls=1 81 
* 9
* 2
+77 4
+17 3
+1 1
-1 1
+1 2
-1 1
+1 5
cfi=(33)
cfn=(120)
calls=1 147 
* 8636
+1 1
+5 1
-5 3
+2 2
+3 4
+1 4
-1 2
+1 12
-1 6
+4 3
+1 3
+1 1
+2 2
+1 5
-1 4
+1 4
-1 6
-28 1
+1 1
-1 7
+4 1
+1 1
-1 1
+2 2
+1 2
+35 1
-1 2
+1 1
+2 1
+2 3
+2 1
-4 2
+5 1
-1 2
+14 2
+1 2
+1 3
+12 1
+1 1
-2 1
+2 1
-2 1
+2 1
-2 1
+2 1
-2 1
+2 1
cfi=(29)
cfn=(138) _dl_receive_error
calls=1 205 
* 3350
+10 1
+1 1
-1 1
+1 1
+1 1
cfn=(148)
calls=1 723 
* 615
* 1
+2 2
+3 1
cfn=(154) security_init
calls=1 850 
* 20
+2 2
2050 3
+56 1
+4 1
+7 1
-11 1
+4 3
+4 2
+3 1
+8 2
+95 4
+1 1
+5 2
cfi=(36)
cfn=(192) _dl_allocate_tls_init
calls=1 376 
* 275
+4 2
+14 3
+2 2
+29 1
cfi=(7)
cfn=(194) _dl_sysdep_start_cleanup
calls=1 256 
* 1
+4 3
+20 3
cfi=(28)
cfn=(84)
calls=1 50 
* 8
+1 1
+1 1
cfi=(28)
cfn=(86)
calls=1 74 
* 1
+5 1
cfi=(35) /build/eglibc-oGUzwX/eglibc-2.19/elf/dl-cache.c
cfn=(196) _dl_unload_cache
calls=1 309 
* 15
+5 8
-65 2
+15 1
+3 1
-3 1
+3 1
-3 2
+3 2
-3 1
+2 1
+1 1
cfi=(39)
cfn=(158)
calls=1 154 
* 6295
+1 4
+2 3
-96 3
+7 1
+2 11
+2 1
+2 12
+5 8
+2 8
+8 4
-2 4
+2 8
+1 24
cfi=(39)
cfn=(158)
calls=3 154 
* 73200
+4 14
-22 12
+25 4
+2 1
+6 1
-6 1
+6 1
-22 1
+1 1
-3 2
+14 2
cfi=(36)
cfn=(190) _dl_add_to_slotinfo
calls=1 831 
* 20
* 1
-69 1
895 2
1763 2
+21 3
1619 2
cfi=(9)
cfn=(18)
calls=1 26 
* 81
* 8
cfi=(16)
cfn=(42)
calls=1 61 
* 47
* 1
+3 5
-12 1
+12 1
+3 3
cfi=(15)
cfn=(76)
calls=1 338 
* 765
* 3
cfi=(15)
cfn=(76)
calls=1 338 
* 6
* 6
+1 2
+1 3
+2 4
cfn=(88)
calls=1 803 
* 2547
* 2
1332 3
1631 1
+1 1
-1 3
+1 1
+1 3

fn=(96) map_doit
624 2
+2 7
cfi=(21)
cfn=(98)
calls=1 2317 
* 2446
* 1
+2 2

fn=(154)
850 2
+2 1
fi=(38) /build/eglibc-oGUzwX/eglibc-2.19/elf/../sysdeps/unix/sysv/linux/dl-osinfo.h
61 2
+23 2
+2 1
+7 1
fe=(2)
854 1
+7 1
fi=(38)
101 2
+11 1
fe=(2)
863 1
+7 1
-5 1
+6 3

fn=(46) rtld_lock_default_lock_recursive
837 10

fn=(92) _dl_initial_error_catch_tsd
797 8

fl=(21)
fn=(74) fillin_rpath
486 8
+2 1
-2 9
+5 1
cfi=(15)
cfn=(76)
calls=1 338 
* 237
* 3
+4 4
cfn=(78) expand_dynamic_string_token
calls=1 -80 
* 162
+2 1
-2 1
+2 1
cfi=(9)
cfn=(18)
calls=1 26 
* 44
+4 1
-4 1
+4 1
+7 6
+34 2
+4 3
+1 3
-1 1
+1 1
-2 1
cfi=(15)
cfn=(36)
calls=1 93 
* 34
* 1
+3 1
-3 1
+3 3
+5 1
+1 3
-2 1
+2 1
cfi=(24) /build/eglibc-oGUzwX/eglibc-2.19/string/../sysdeps/x86_64/memcpy.S
cfn=(66) mempcpy
calls=1 61 
* 31
+3 1
-3 1
+3 1
-2 1
+2 1
+6 4
+1 14
+1 10
+3 1
-1 2
+1 1
+7 1
+1 1
-1 1
+4 3
+2 2
cfi=(15)
cfn=(82)
calls=1 121 
* 6
* 1
* 2
-90 1
cfi=(15)
cfn=(76)
calls=1 338 
* 6
* 2
+94 1
+3 9
-65 18
+1 8
-16 2
+5 2
+3 5
+26 2
+31 2

fn=(126) open_verify.constprop.6
1871 50
+38 5
-38 5
+38 10
+21 20
cfi=(23)
cfn=(104) open
calls=5 81 
* 41
+1 5
-1 5
+1 5
+10 1
+1 2
+5 6
cfi=(23)
cfn=(106) read
calls=1 81 
* 5
+2 2
+2 1
+2 1
-2 2
+2 1
+6 2
+16 5
cfi=(12)
cfn=(26)
calls=1 315 
* 88
* 2
+2 1
-2 2
+4 4
cfi=(12)
cfn=(26)
calls=1 315 
* 80
-4 2
+75 2
+5 2
+3 4
+5 2
+7 1
+1 1
-1 5
+1 3
+1 1
-2 1
+17 45
+2 17
+4 4
+1 2
+13 1
+1 1
+2 1
-3 1
+1 1
-1 1
+1 1
-2 1
+4 2
+5 1
+1 1
-13 4
cfi=(12)
cfn=(26)
calls=1 315 
* 73
* 4
cfi=(12)
cfn=(26)
calls=1 315 
* 80
* 4
+16 2
+6 1
-3 1
+1 1
+1 1
+1 2
+1 4
-4 1
+1 1
+1 1
-1 3
-1 1
+4 2
+5 4
+23 40

fn=(60)
714 1
+13 2
-13 8
+13 3
cfi=(22) /build/eglibc-oGUzwX/eglibc-2.19/elf/dl-hwcaps.c
cfn=(62) _dl_important_hwcaps
calls=1 39 
* 351
+5 1
-5 1
+5 1
cfi=(15)
cfn=(36)
calls=1 93 
* 34
* 1
+1 1
-1 1
-1 1
+2 1
+8 1
-1 1
+1 4
-1 4
+5 2
cfi=(15)
cfn=(36)
calls=1 93 
* 55
* 1
+2 1
-3 1
+3 2
+29 1
-12 1
-10 1
+11 1
+3 2
+8 1
-12 1
+3 2
-14 1
+9 1
+5 3
+9 2
-7 27
cfi=(26)
cfn=(70)
calls=4 30 
* 88
+7 16
-12 3
+12 6
-14 3
+3 6
-1 3
+3 3
-5 3
+6 12
+4 3
-3 3
+3 6
-3 3
-7 6
+25 1
-11 1
+6 1
+1 1
+5 2
+2 4
+2 3
+38 4
+8 3
cfi=(27)
cfn=(72)
calls=1 24 
* 23
* 2
+2 2
cfi=(9)
cfn=(18)
calls=1 26 
* 54
* 8
cfi=(16)
cfn=(42)
calls=1 61 
* 31
* 1
+17 3
-1 2
+3 1
+1 3
+1 1
-4 3
+2 13
+1 39
+1 13
-4 40
+8 1
cfi=(15)
cfn=(36)
calls=1 93 
* 34
* 1
+1 1
-2 1
+2 1
+6 8
cfn=(74)
calls=1 486 
* 681
+4 3
+6 1
+4 8
-75 1
-2 1
+2 2
+14 2

fn=(124) open_path
2168 8
+1 1
-1 5
+7 1
-7 1
+1 1
+6 1
+5 2
-7 1
+7 1
-8 1
+8 3
+74 1
-74 1
+74 1
-22 2
-52 1
+52 3
-40 1
-9 1
+9 1
+7 4
cfi=(24)
cfn=(66)
calls=1 61 
* 31
+1 1
-1 1
+1 3
-13 2
+33 8
-20 3
+3 8
+4 32
cfi=(24)
cfn=(66)
calls=4 61 
* 85
* 16
cfi=(24)
cfn=(66)
calls=4 61 
* 92
* 4
+3 4
+3 8
+3 24
cfn=(126)
calls=4 1871 
* 156
* 4
+2 12
+7 8
+1 36
+6 8
+2 12
-2 4
+2 4
cfi=(34)
cfn=(128)
calls=4 34 
* 49
* 8
+1 1
+2 1
-2 1
+2 8
+7 2
-44 2
+37 6
+7 6
-44 7
+85 5
+7 1
-2 1
+2 3
+3 3
-13 1
+27 11
-72 6

fn=(78)
415 16
+10 6
cfi=(27)
cfn=(72)
calls=2 24 
* 70
* 4
161 4
cfi=(9)
cfn=(18)
calls=2 26 
* 125
* 2
+1 4
cfi=(15)
cfn=(36)
calls=2 -69 
* 68
* 2
+2 4
+3 6
440 10
167 2
cfi=(16)
cfn=(42)
calls=2 61 
* 78

fn=(102) open_verify
1873 10
+36 1
-36 2
+36 2
+21 4
cfi=(23)
cfn=(104)
calls=1 81 
* 5
+1 1
-1 1
+1 1
+10 1
+1 2
+5 6
cfi=(23)
cfn=(106)
calls=1 81 
* 5
+2 2
+2 1
+2 1
-2 2
+2 1
+6 2
+16 5
cfi=(12)
cfn=(26)
calls=1 315 
* 88
* 2
+2 1
-2 2
+4 4
cfi=(12)
cfn=(26)
calls=1 315 
* 80
-4 2
+75 2
+5 2
+3 4
+5 2
+7 1
+1 1
-1 4
+1 3
+1 1
+15 61
+2 19
+4 4
+1 2
+13 1
+1 1
+2 1
-3 1
+1 1
-1 1
+1 1
-2 1
+4 2
-7 4
cfi=(12)
cfn=(26)
calls=1 315 
* 80
* 2
-97 3
2154 8

fn=(98)
2317 24
+7 3
-7 6
+7 3
+1 6
+3 27
+12 12
-12 18
+5 21
+1 14
+2 21
cfi=(31)
cfn=(100)
calls=7 288 
* 492
* 15
2607 24
2362 4
+10 12
+26 4
-2 2
+2 2
cfi=(27)
cfn=(72)
calls=2 24 
* 46
* 4
2538 6
cfn=(78)
calls=1 415 
* 239
+1 1
-3 1
+4 1
-1 2
+4 6
cfn=(102)
calls=1 1873 
* 447
+3 1
-3 1
+3 1
+12 8
+2 4
+44 2
+1 16
-1 2
+1 6
cfn=(108) _dl_map_object_from_fd
calls=2 923 
* 4859
* 2
2402 2
cfi=(9)
cfn=(18)
calls=1 26 
* 63
* 1
+2 1
-2 1
+2 1
+7 4
+35 2
+1 15
cfn=(124)
calls=1 2168 
* 730
* 3
+6 6
691 1
2454 1
691 2
2530 2
-95 4
+21 2
+6 4
+2 3
+4 2
cfi=(35)
cfn=(130) _dl_load_cache_lookup
calls=1 182 
* 1501
+2 1
-2 1
+2 1
+4 3
+8 2
+22 9
cfn=(126)
calls=1 1871 
* 529
+3 3
161 3
cfi=(9)
cfn=(18)
calls=1 26 
* 79
* 1
+1 2
cfi=(15)
cfn=(36)
calls=1 -69 
* 34
* 1
+2 3
+3 4
cfi=(16)
cfn=(42)
calls=1 61 
* 71
2510 1
-1 1
+1 2
-74 7
691 1
2437 1
691 2
2415 1
+8 3
-7 3
-1 1
+8 8
-3 3
691 1
2421 1
691 2
2341 18
+3 2
+2 2
-1 4
+1 2
cfi=(17)
cfn=(50)
calls=2 131 
* 21
* 4

fn=(108)
923 24
+11 2
-11 2
+11 2
-11 4
+11 2
cfi=(28)
cfn=(84)
calls=2 50 
* 16
+4 6
-4 2
+4 2
cfi=(32)
cfn=(112)
calls=2 34 
* 20
* 4
+11 14
+1 6
-1 15
+1 20
+17 4
+25 4
+10 4
+22 8
+32 4
935 2
1059 14
cfi=(13)
cfn=(28)
calls=2 61 
* 1021
+1 2
-1 2
+1 2
+11 4
+5 2
-5 2
+1 4
+1 2
+2 2
-2 2
+2 8
+1 6
+1 2
+24 4
+8 2
-8 18
+8 2
-8 2
+8 2
+89 2
-95 2
-1 2
+96 2
1092 2
1198 4
+8 10
-96 32
-1 136
+1 104
+6 4
+1 6
+1 2
+3 2
+1 1
+5 20
+6 8
+1 4
-1 16
+8 4
+2 8
-2 4
+1 4
+4 4
-5 8
+1 8
+1 4
+1 4
+3 4
+4 4
-9 4
+2 4
+1 4
+1 4
+1 4
+4 4
+1 6
+5 4
-16 2
+16 10
+10 2
-10 4
-16 2
+16 10
+10 2
+3 3
+5 1
-1 1
+3 1
-1 1
-1 1
+1 1
+3 3
+1 2
+3 2
+4 4
+6 1
cfi=(36)
cfn=(136) _dl_next_tls_modid
calls=1 50 
* 8
* 2
+1 1
+60 4
+1 6
+1 2
-6 4
+1 8
+8 6
+13 16
+2 4
+14 2
+5 12
cfi=(25)
cfn=(68)
calls=2 81 
* 12
+4 2
-4 2
+4 2
+7 2
+1 2
-1 2
+1 2
+2 2
-3 2
+1 2
+2 2
+10 2
+2 2
+33 12
+1 6
+2 8
+8 16
+6 2
+2 2
-2 2
+1 2
+2 2
-1 2
+1 2
-1 6
+8 4
+3 4
+11 14
cfi=(26)
cfn=(70)
calls=2 30 
* 1908
+1 10
+5 4
+15 4
-74 20
+2 8
+2 16
cfi=(25)
cfn=(68)
calls=2 81 
* 12
* 4
-30 2
-1 10
cfi=(25)
cfn=(114)
calls=2 81 
* 10
* 2
1072 2
1418 8
+9 4
fi=(3)
38 2
fe=(21)
1427 2
fi=(3)
38 2
+6 2
-2 2
+2 4
+7 2
+5 2
+3 2
-1 2
-3 2
-3 36
+10 8
-18 24
+8 35
+10 35
-18 105
+18 2
-18 6
+2 90
+5 40
+2 8
+16 4
+20 7
+1 8
+1 8
+1 8
+2 8
+5 8
+1 7
+1 8
+6 6
+5 4
+7 4
+1 6
+16 6
+5 1
+2 1
-2 1
+2 1
+2 2
+2 2
+3 6
+10 1
-8 2
+9 2
-1 1
+5 2
+3 4
fe=(21)
1433 4
+16 6
+19 4
+2 10
+55 6
+1 2
+3 2
cfi=(23)
cfn=(118) close
calls=1 81 
* 5
* 2
cfi=(23)
cfn=(118)
calls=1 81 
* 5
* 4
+8 10
+3 6
+2 2
-2 2
+2 2
+16 4
cfi=(6)
cfn=(10)
calls=2 859 
* 50
+4 4
+1 4
+17 4
+1 1
+3 1
+5 1
-5 1
+1 2
+4 1
-5 1
+5 1
-5 1
+1 2
+4 1
+10 6
cfi=(13)
cfn=(44)
calls=2 32 
* 84
+4 8
+20 16
fi=(3)
56 8
+3 8
+1 2
+1 8
fe=(21)
1356 5
+2 1
-1 3
+1 2
-1 1
+1 2
-1 2
+3 4
+43 8
cfi=(25)
cfn=(68)
calls=1 81 
* 6
+3 2
1537 4
474 2

fl=(16)
fn=(42)
61 17
+2 17
+2 17
+3 16
+1 16
+2 3
+1 3
+2 3
+1 3
+5 3
+1 3
-1 13
+1 13
+2 3
+1 3
+2 3
+1 6
+5 3
+1 3
-1 13
+1 13
+2 3
+1 3
+2 3
+1 3
+5 3
+1 3
-1 13
+1 13
+2 10
+1 10
+2 10
+1 10
+5 10
+1 10
-1 6
+1 12
+5 6
+1 6
+1 6
+1 6
+2 6
+2 6
+1 6
+2 6
+8 16
+8 5
+6 5
+2 5
+1 5
+3 1
+1 2
+5 1
+1 1
+2 1
+2 1
+1 1
+2 1
-8 3
+1 3
+2 3
+2 3
+1 3
+2 4
+9 1
+1 1
-1 4
+1 4
+3 5
+1 5
+1 5
+5 4
+2 4
+1 4
+1 4
+1 4
+2 4
+1 4
+1 4
+1 4
+2 4
+1 4
+2 4
+22 5
+6 5
+1 5
+2 1

fl=(22)
fn=(62)
39 8
+3 1
-1 1
+1 1
+9 1
-12 3
+3 1
-3 1
+3 1
+9 2
+10 4
+31 2
+23 3
cfi=(23)
cfn=(64)
calls=1 -34 
* 9
* 2
-2 1
+17 6
+3 2
+29 2
+8 2
+2 4
+1 4
+4 2
+4 1
-3 1
-1 1
+4 1
+3 2
+4 5
+1 1
-1 7
+1 1
+18 12
+1 4
cfi=(15)
cfn=(36)
calls=1 93 
* 34
* 1
+1 1
-1 1
+1 3
+29 1
+3 1
-3 2
+3 1
+28 9
+1 2
-1 2
+1 6
-1 8
+5 6
+3 1
-3 1
+3 2
-3 1
+3 1
-3 2
+3 1
-3 1
+3 2
-3 1
+3 3
+1 12
+1 4
-1 4
+1 8
-2 4
+1 8
-1 14
+4 4
+3 1
+2 2
-1 1
-1 2
+2 10
+13 2
+1 1
-1 1
+3 2
-3 2
+1 1
-1 1
+3 2
+3 3
+3 1
-1 1
+1 7
145 2
-14 2
243 3
cfi=(24)
cfn=(66)
calls=1 61 
* 22
+1 2
-1 2
+1 1
cfi=(24)
cfn=(66)
calls=1 61 
* 22
* 4

fl=(28)
fn=(84)
50 8
+5 6
+5 2
-1 1
+1 2
+1 2
-1 2
-9 4
+4 8
+4 1
-1 1
-58 4

fn=(86)
74 2

fl=(11)
fn=(24)
30 3
+3 11
+2 66
+11 31
-13 93
-2 1
+19 1
-14 24
+5 2
-3 2
+3 2
+2 2

fl=(37)
fn=(142)
380 6
+4 4
-2 2
+4 28
cfn=(144) _dl_check_map_versions
calls=4 174 
* 3235
-2 4
+2 12
-1 4
-1 8
+5 7

fn=(144)
174 36
+15 4
-15 8
+15 8
+2 4
+3 4
-3 4
+2 4
+1 4
+2 4
-3 4
+3 4
+3 8
+4 12
+17 2
56 2
220 2
56 2
220 2
56 10
+1 5
-1 10
+2 21
cfi=(31)
cfn=(100)
calls=7 288 
* 510
* 16
228 6
+5 14
+19 5
-15 117
cfn=(146) match_symbol
calls=5 76 
* 882
* 6
cfn=(146)
calls=2 76 
* 306
* 7
+7 28
+3 23
+9 8
-73 2
-8 2
+95 12
+3 6
+10 26
-7 104
+3 78
-3 8
+3 6
+8 4
+86 4
-86 4
+87 8
-81 12
cfi=(15)
cfn=(32)
calls=3 102 
* 150
* 3
+1 3
-2 3
+2 3
+11 3
-3 3
+3 6
+2 9
+3 8
+4 6
+18 5
-15 15
+2 15
-2 6
+2 6
+2 7
+1 7
-1 14
+1 7
-1 7
+1 7
+1 7
-2 7
+2 14
+1 21
+3 21
+8 6
+10 9
+3 8
+20 26
-14 26
-2 26
+2 28
-2 2
+2 2
+4 26
+2 26
-1 52
+1 26
-1 78
+1 26
+1 26
+3 84
+10 3
-1 3
+1 21

fn=(146)
76 77
+9 7
-8 7
-1 14
+1 7
+8 7
+6 21
+15 7
+1 14
+2 7
+5 14
+14 94
+12 120
+4 40
-30 80
+16 7
+3 28
cfi=(17)
cfn=(50)
calls=7 -2 
* 567
* 14
+35 56

fl=(48) /build/eglibc-oGUzwX/eglibc-2.19/elf/dl-init.c
fn=(204) call_init.part.0
34 32
+8 4
-8 4
+11 4
-3 8
+3 12
+5 9
+5 4
+8 4
+1 12
cob=(3)
cfi=(50) /build/eglibc-oGUzwX/eglibc-2.19/csu/../csu/init-first.c
cfn=(218) _init
calls=1 -12 
* 180
cob=(2) ???
cfi=(14) ???
cfn=(206) 0x0000000004a25560
calls=1 -64 
* 6
+3 2
+1 4
+6 2
+2 4
-2 4
+3 10
+1 8
cob=(3)
cfi=(56) /build/eglibc-oGUzwX/eglibc-2.19/string/../sysdeps/x86_64/multiarch/../cacheinfo.c
cfn=(230) init_cacheinfo
calls=1 550 
* 1045
cob=(4) /usr/lib/valgrind/vgpreload_core-amd64-linux.so
cfi=(49) ???
cfn=(210) 0x0000000000000670
calls=1 -78 
* 16
* 4
cob=(3)
cfi=(58) /build/eglibc-oGUzwX/eglibc-2.19/elf/dl-altinit.c
cfn=(238) dlinit_alt
calls=1 -45 
* 4
* 3
-1 6
+3 18
-29 2
+29 6
-34 3

fn=(202) _dl_init
86 11
+1 1
+1 1
+3 3
+7 4
+27 15
+1 12
-90 20
cfn=(204)
calls=3 -2 
* 1343
* 3
+96 8
-96 3
cfn=(204)
calls=1 -2 
* 77
+58 2

fl=(7)
fn=(12)
86 7
+25 1
-1 1
+1 1
-25 1
+25 108
+6 1
-3 1
+1 1
-4 1
+3 1
+3 4
+1 6
-1 3
-29 1
-1 2
+31 105
-1 82
fi=(19)
-82 2
cfi=(8)
cfn=(14)
calls=1 -4 
* 12
fi=(5)
200 5
fe=(7)
+34 2
cfi=(10) /build/eglibc-oGUzwX/eglibc-2.19/elf/../misc/sbrk.c
cfn=(20) sbrk
calls=1 34 
* 17
* 3
+12 3
+3 6
cfi=(2)
cfn=(22)
calls=1 887 
* 99661
+1 1
+1 8
151 1
+1 1
+27 1
+1 1
-17 1
+1 1
-7 1
+1 1
-4 1
+1 1
-25 1
+1 1
-4 1
+1 1
-7 1
+1 1
+2 1
+1 1
232 1
cfi=(9)
cfn=(18)
calls=1 26 
* 42
* 2

fn=(194)
256 1

fl=(23)
fn=(106)
81 8
+1 2

fn=(118)
81 12
+1 3

fn=(64)
81 12
+2 15

fn=(104)
81 28
+1 3
+1 20

fl=(31)
fn=(100)
288 300
+1 120
cfi=(17)
cfn=(50)
calls=60 131 
* 427
* 60
+1 60
-1 60
+3 60
+2 120
+4 61
-4 122
+1 192
cfi=(17)
cfn=(50)
calls=64 131 
* 860
* 128
-5 3
+11 72
-1 57
+1 228

fn=(132) _dl_sysdep_read_whole_file
45 1
+7 1
-7 3
+7 1
-7 1
+1 1
-1 2
+7 1
cfi=(23)
cfn=(104)
calls=1 +29 
* 5
+1 1
-1 1
+1 1
+2 4
cfi=(32)
cfn=(112)
calls=1 -21 
* 10
* 2
+2 1
+3 1
-3 1
+3 1
+13 2
cfi=(23)
cfn=(118)
calls=1 +8 
* 5
+3 7
-14 6
cfi=(25)
cfn=(68)
calls=1 +19 
* 6
* 2

fl=(112) /build/eglibc-oGUzwX/eglibc-2.19/elf/dl-fini.c
fn=(544) _dl_sort_fini
32 9
+2 1
-2 4
+2 1
+6 1
-1 2
+2 1
-1 1
-1 2
+1 4
+1 1
cfi=(26)
cfn=(70)
calls=1 -11 
* 14
* 1
+15 8
+62 5
+3 18
cfi=(26)
cfn=(70)
calls=2 -91 
* 18
* 8
-75 4
-1 6
+1 2
+4 6
+71 1
-75 2
-1 3
+1 1
+4 9
+6 3
+1 3
-1 3
+1 5
+2 8
+1 4
-1 4
+1 4
+3 6
-1 9
+31 9
+21 3
-57 6
+61 11
+7 8

fn=(542) _dl_fini
131 3
+12 1
-12 5
+19 1
-6 1
+9 10
+3 2
cfi=(2)
cfn=(46)
calls=1 837 
* 2
+3 2
+3 2
+2 6
+7 1
+4 1
-4 1
+4 3
+2 2
+3 9
+3 2
+10 8
+2 8
+2 4
+2 4
-2 8
+6 4
-5 4
-7 12
+14 2
+5 6
cfn=(544)
calls=1 32 
* 219
+9 2
cfi=(2)
cfn=(48)
calls=1 843 
* 2
+4 4
+2 1
+2 3
-2 3
+2 9
+3 8
+3 12
+4 4
+7 4
+4 2
+1 2
-1 2
+2 4
+1 6
+1 4
cob=(4)
cfi=(49)
cfn=(558) 0x0000000000000630
calls=1 0 
* 769
cob=(5) /usr/bin/test
cfi=(59) ???
cfn=(546) 0x00000000004017b0
calls=1 0 
* 16
-1 6
+5 6
+1 6
cob=(2)
cfi=(14)
cfn=(582) 0x0000000004a257e8
calls=1 0 
* 3
cob=(2)
cfi=(14)
cfn=(556) 0x000000000040536c
calls=1 0 
* 3
+5 24
+16 8
-55 9
-70 2
283 6
-49 4
+55 2
+7 8

fl=(29)
fn=(90)
163 6
+15 3
-3 6
+1 6
-13 6
+14 6
+1 3
+2 3
cfi=(2)
cfn=(92)
calls=3 797 
* 6
+2 3
-1 3
+4 3
-5 3
+2 3
+3 3
-4 3
+4 3
cfi=(30)
cfn=(94)
calls=3 26 
* 57
* 9
+2 9
cfi=(33)
cfn=(122)
calls=2 60 
* 7142
cfi=(2)
cfn=(96)
calls=1 624 
* 2458
+1 6
+2 3
+1 3
-3 3
+1 6
+1 3
+1 3
+8 12

fn=(138)
205 10
+1 1
cfi=(2)
cfn=(92)
calls=1 797 
* 2
+5 1
-1 1
-4 1
+9 1
+2 1
-3 1
+3 1
cfi=(2)
cfn=(140)
calls=1 656 
* 3320
+2 1
+1 1
+1 8

fl=(27)
fn=(72)
24 7
+1 7
+1 7
+1 7
+1 7
+1 7
+1 7
+1 7
+1 7
+1 7
+1 7
+1 7
+1 7
+1 7
+1 7
+1 7
+1 7
+1 5
+4 5
+1 5
+1 5
+1 5
+2 5
+4 2
+1 2
+1 2
+1 2
+1 2
+1 2
+1 2
+1 2
+1 2
+1 2
+1 2
+1 2
+1 2
+1 2
+1 2
+1 2
+1 2
+1 2
+1 2
+1 2
+1 2
+1 2
+1 2
+1 2
+52 2
+4 2
+1 2
+1 2
+1 2
+2 2

fl=(86) /build/eglibc-oGUzwX/eglibc-2.19/elf/dl-open.c
fn=(360) _dl_find_dso_for_object
182 5
+1 4
+1 12
+1 2
+3 2
+4 1
-9 6

fl=(10)
fn=(20)
34 4
+8 6
+4 2
+11 5

fl=(36)
fn=(150)
112 7
+6 3
+3 2
+36 1
-34 1
+34 2
+2 3
-2 1
-2 1
-40 1
-1 1
-1 2
+44 6
+5 1
-1 1
+5 2
-4 1
-1 1
+7 1
-7 1
+3 2
+2 1
+2 1
-2 2
+16 5
+2 1
+1 1
-1 2
+10 1
-12 4
+15 4
+1 1
+51 1
+1 8

fn=(152)
328 1
+13 1
-13 2
+2 1
+11 2
cfi=(15)
cfn=(40)
calls=1 51 
* 51
* 1
+1 1
-1 1
+1 1
+7 1
+4 306
-58 1
+1 1
-1 1
+1 2
cfi=(15)
cfn=(32)
calls=1 102 
* 43
* 1
+1 2
+9 1
-6 1
+6 1
+64 5

fn=(192)
376 7
+1 1
-1 1
+1 1
+4 2
+3 1
-1 1
-2 1
+8 3
+5 7
+6 7
+22 2
+1 4
+2 2
+9 1
-8 1
+8 2
-8 1
+8 1
+1 1
+1 3
cfi=(24)
cfn=(66)
calls=1 61 
* 23
* 5
cfi=(26)
cfn=(70)
calls=1 30 
* 166
* 3
-42 5
+6 2
+3 1
+1 2
+6 1
+3 1
-3 2
+3 1
-1 2
+38 2
+2 1
+1 8

fn=(446) __tls_get_addr
770 1
+2 3
+3 3
+2 2
+3 1
+1 1

fn=(190)
831 3
+9 1
-9 1
+6 2
+8 5
+41 1
+1 3
+1 4

fn=(136)
50 1
+3 3
+48 2
+4 2

fl=(24)
fn=(66)
61 15
+4 15
+3 14
+1 14
+2 5
+1 5
+2 5
+1 5
+5 5
+1 5
-1 9
+1 9
+2 10
+1 10
+2 10
+1 10
+5 10
+1 10
-1 4
+1 4
+2 5
+1 5
+2 5
+1 5
+5 5
+1 5
-1 9
+1 9
+2 7
+1 7
+2 7
+1 14
+5 7
+1 7
-1 7
+1 9
+5 2
+1 2
+1 2
+1 2
+2 2
+2 2
+1 2
+2 2
+6 14
+4 14
+12 2
+2 2
+1 2
+26 2
+1 2
+3 2
+1 2
+1 2
+5 2
+2 2
+1 2
+1 2
+1 2
+2 2
+1 2
+1 2
+1 2
+2 2
+1 2
+2 2
+22 2
+2 2
+2 1
+7 1

fl=(35)
fn=(130)
182 8
+8 2
+3 3
+51 3
+9 1
+6 2
-6 3
+6 1
cfi=(23)
cfn=(64)
calls=1 81 
* 9
* 1
+4 1
-10 1
+10 3
+15 145
cfn=(134) _dl_cache_libcmp
calls=9 138 
* 665
* 46
-82 4
cfi=(31)
cfn=(132)
calls=1 45 
* 67
+8 1
-8 1
+8 4
+1 4
cfi=(12)
cfn=(26)
calls=1 315 
* 112
* 2
+7 1
-3 1
+3 3
+3 1
+1 2
-1 1
+1 1
+1 3
cfi=(12)
cfn=(26)
calls=1 +98 
* 89
* 2
+2 2
+59 24
cfn=(134)
calls=1 138 
* 72
* 3
cfn=(134)
calls=1 138 
* 145
* 6
-14 4
+14 1
-14 2
-1 3
+15 32
+16 2
+5 9
-21 3

fn=(134)
138 33
+1 26
+2 118
+2 59
-2 59
+2 4
+6 2
+2 2
-1 2
-1 2
+1 2
-1 2
+2 6
+2 10
+2 4
+6 114
+2 210
+4 48
+1 48
-29 96
+32 4
+1 4
-8 9
+8 18

fn=(196)
309 4
-1 1
+3 2
cfi=(25)
cfn=(198)
calls=1 81 
* 5
+1 1
+2 2

fl=(13)
fn=(44)
32 6
+2 3
-2 9
+2 3
cfi=(2)
cfn=(46)
calls=3 837 
* 6
+2 22
+4 3
-1 15
+2 2
+2 2
+4 2
+4 2
-4 4
+1 4
+1 4
+2 2
+1 6
-1 2
cfi=(2)
cfn=(48)
calls=2 843 
* 4
-4 1
+4 1
-4 2
+1 2
+1 2
+2 1
+1 3
-1 1
cfi=(2)
cfn=(48)
calls=1 843 
* 2
-5 2

fn=(28)
61 42
+1 3
cfi=(9)
cfn=(18)
calls=3 -36 
* 154
+6 3
-6 12
+6 33
+7 12
cfi=(15)
cfn=(32)
calls=3 +27 
* 134
* 3
+3 3
-3 3
+3 3
+4 3
+5 6
-6 3
+6 3
-5 3
+4 6
+1 3
cfi=(16)
cfn=(42)
calls=3 -26 
* 88
* 3
+10 6
-8 3
+9 3
-1 6
+1 6
-1 3
+1 6
+3 3
-3 3
+3 3
+9 3
-7 3
+4 3
+3 8
+2 2
-2 2
+2 30
-2 30
+12 3
+6 3
-5 3
-1 3
+6 9
-2 3
+2 6
+2 6
+3 7
+4 6
+4 6
+2 1
+6 1
+3 2
+3 5
-3 4
+3 10
+2 2
+4 2
-4 2
cfi=(9)
cfn=(18)
calls=2 26 
* 144
* 4
+4 2
-4 2
+4 6
+64 4
+4 24
-88 6
-39 7
+39 3
+70 6
cfi=(24)
cfn=(66)
calls=2 61 
* 71
* 2
+5 40
+1 40
-1 40
+1 42
-1 2
+1 6
+5 4
-57 4
cfi=(15)
cfn=(36)
calls=2 -72 
* 68
* 2
+1 2
-1 2
+1 6

fl=(1) ???
fn=(0) 0x00000000000012d0
0 2
cfi=(2)
cfn=(2)
calls=1 361 
0 100930
0 14
cfi=(48)
cfn=(202)
calls=1 86 
0 1503
0 3
cob=(5)
cfi=(59)
cfn=(242) 0x0000000000401708
calls=1 0 
0 105688

ob=(3)
fl=(100) /build/eglibc-oGUzwX/eglibc-2.19/intl/bindtextdom.c
fn=(408) bindtextdomain
347 1
111 1
347 7
108 4
+9 4
+4 4
336 2
+2 3
+12 9
215 1
+5 1
-5 1
+12 2
cfi=(70) /build/eglibc-oGUzwX/eglibc-2.19/string/../sysdeps/x86_64/strlen.S
cfn=(316) strlen
calls=1 66 
* 16
+2 1
-2 1
+1 1
cfi=(82) /build/eglibc-oGUzwX/eglibc-2.19/malloc/malloc.c
cfn=(348) malloc
calls=1 2876 
* 193
* 1
+3 1
-3 1
+3 1
+3 4
cfi=(92) /build/eglibc-oGUzwX/eglibc-2.19/string/../sysdeps/x86_64/multiarch/../memcpy.S
cfn=(376) __GI_memcpy
calls=1 61 
* 23
+11 3
cfi=(68) /build/eglibc-oGUzwX/eglibc-2.19/string/../sysdeps/x86_64/multiarch/../strcmp.S
cfn=(312) __GI_strcmp
calls=1 -65 
* 62
* 2
+54 1
-34 1
+31 1
+3 1
+4 1
-1 1
+1 2

fl=(64) /build/eglibc-oGUzwX/eglibc-2.19/setjmp/../sysdeps/x86_64/bsd-_setjmp.S
fn=(284) _setjmp
30 1
+2 1
cfi=(65) /build/eglibc-oGUzwX/eglibc-2.19/setjmp/../sysdeps/x86_64/setjmp.S
cfn=(286) __sigsetjmp
calls=1 -6 
* 27

fl=(74) /build/eglibc-oGUzwX/eglibc-2.19/string/../sysdeps/x86_64/memchr.S
fn=(326) memchr
25 24
+1 24
+2 24
+1 24
+1 24
+1 24
+2 24
+1 24
+2 24
+1 24
+20 24
+1 24
+1 24
+2 24
+2 24
+2 24
+1 24
+1 24
+12 24
+1 24
+1 24
305 24
+1 24

fl=(75) /build/eglibc-oGUzwX/eglibc-2.19/locale/loadarchive.c
fn=(328) _nl_load_locale_from_archive
135 108
+19 12
-19 12
+1 12
+18 12
cfi=(76) /build/eglibc-oGUzwX/eglibc-2.19/posix/../sysdeps/unix/sysv/linux/x86_64/sysconf.c
cfn=(330) sysconf
calls=12 32 
* 432
+6 37
+1 33
cfi=(68)
cfn=(312)
calls=11 +19 
* 539
* 55
+3 11
-1 22
+1 11
500 96
170 3
cfi=(71) /build/eglibc-oGUzwX/eglibc-2.19/string/../sysdeps/x86_64/multiarch/../strchr.S
cfn=(320) __GI_strchr
calls=1 24 
* 23
+1 4
+24 2
+76 2
cfi=(70)
cfn=(316)
calls=1 66 
* 16
fi=(96) /build/eglibc-oGUzwX/eglibc-2.19/locale/hashval.h
37 1
-1 1
+1 4
+3 1
-1 2
+1 1
-3 2
+3 9
-1 18
+1 9
-3 22
fe=(75)
274 2
+4 1
-4 1
+4 1
-4 1
+4 1
+3 4
+1 2
-1 1
+1 7
fi=(96)
42 3
fe=(75)
288 3
+4 3
+1 5
cfi=(68)
cfn=(312)
calls=1 180 
* 65
* 4
+10 3
+3 1
+5 1
-5 1
+5 44
+2 50
+2 60
+4 12
-7 12
+8 12
-1 12
-7 12
461 2
cfi=(82)
cfn=(348)
calls=1 2876 
* 193
* 1
+1 3
+3 3
cfi=(97) /build/eglibc-oGUzwX/eglibc-2.19/string/strdup.c
cfn=(394) strdup
calls=1 40 
* 153
* 1
+1 1
-1 1
+1 1
+6 2
+1 3
-1 38
+4 26
+2 60
cfi=(98) /build/eglibc-oGUzwX/eglibc-2.19/locale/loadlocale.c
cfn=(396) _nl_intern_locale_data
calls=12 66 
* 10114
* 12
+3 12
-3 12
+3 12
+4 12
-1 12
+10 12
-9 12
-10 24
+24 1
-1 3
+1 2
173 4
cfi=(80) /build/eglibc-oGUzwX/eglibc-2.19/string/../sysdeps/x86_64/strchr.S
cfn=(338) strchrnul
calls=1 24 
* 20
+1 2
-1 1
+1 3
cfi=(81) /build/eglibc-oGUzwX/eglibc-2.19/intl/../intl/l10nflist.c
cfn=(340) _nl_normalize_codeset
calls=1 330 
* 59552
+1 1
-1 1
+1 1
+2 4
cfi=(68)
cfn=(318) __GI_strncmp
calls=1 -3 
* 49
* 2
+5 2
cfi=(70)
cfn=(316)
calls=1 66 
* 16
+1 1
-1 1
+1 1
cfi=(70)
cfn=(316)
calls=1 66 
* 16
+1 1
-1 1
+2 1
-1 8
+1 1
+3 1
-3 1
cfi=(91) /build/eglibc-oGUzwX/eglibc-2.19/string/../sysdeps/x86_64/memcpy.S
cfn=(374) __GI_mempcpy
calls=1 61 
* 22
* 4
cfi=(91)
cfn=(374)
calls=1 61 
* 18
* 5
cfi=(92)
cfn=(376)
calls=1 61 
* 18
+5 2
cfi=(82)
cfn=(382) free
calls=1 2917 
* 85
cob=(1)
cfi=(60)
cfn=(250)
calls=1 34 
* 598
* 5
* 1
+13 1
+3 2
-3 1
+3 2
cfi=(93) /build/eglibc-oGUzwX/eglibc-2.19/io/../sysdeps/unix/syscall-template.S
cfn=(386) __open_nocancel
calls=1 81 
* 5
+1 1
-1 1
+1 1
+4 4
cfi=(94) /build/eglibc-oGUzwX/eglibc-2.19/io/../sysdeps/unix/sysv/linux/wordsize-64/fxstat.c
cfn=(388) _fxstat
calls=1 34 
* 10
* 2
+15 1
+2 7
cfi=(95) /build/eglibc-oGUzwX/eglibc-2.19/misc/../sysdeps/unix/syscall-template.S
cfn=(390) mmap
calls=1 81 
* 6
+1 1
-1 1
+1 1
119 4
+3 5
+1 2
-3 2
+3 2
236 2
+20 3
+4 1
+2 3

fl=(56)
fn=(230)
550 1
+13 1
-13 1
+13 1
-13 1
+13 1
+7 2
+2 3
cfn=(232) handle_intel
calls=1 306 
* 431
+4 2
-4 1
+4 1
cfn=(232)
calls=1 306 
* 470
+2 1
-2 1
-1 1
+3 1
+29 1
-18 1
+18 3
+7 2
+9 20
-9 12
+6 6
-6 3
+6 2
+49 4
+75 2
+2 1
+1 1
+2 1
-3 1
+5 1
-5 1
+4 3
+4 2
+2 1
+1 1
+2 1
-3 1
+5 1
+2 1
-7 1
+4 2
+3 1
-3 1
+3 2
-93 5
-45 2
+6 5
+7 2
+4 4
+2 4
-6 4
+4 1
-2 1
+2 1
-4 3
+4 1
-2 1
+2 1
+15 2
-8 1
+2 2
+1 1
-1 2
+1 1
+1 1

fn=(234) intel_check_word
162 8
+6 4
-7 8
+7 8
-7 4
+7 8
-7 4
+7 4
+2 4
-2 4
+2 12
+2 4
+2 8
-2 6
+2 12
+8 20
+53 16
fi=(57) /build/eglibc-oGUzwX/eglibc-2.19/string/../bits/stdlib-bsearch.h
27 8
+1 16
+3 16
+1 8
fe=(56)
150 16
fi=(57)
31 12
+1 6
fe=(56)
150 12
+3 54
fi=(57)
29 46
+2 46
-2 46
+2 80
+1 40
fe=(56)
150 80
295 8
170 16
-6 2
300 16
fi=(57)
37 8
-8 18
fe=(56)
194 10
+5 10
-5 14
+34 3
-34 15
+5 6
+4 8
+7 8
+3 2
+2 4
-10 2
-2 2
+2 3
+12 2
+2 2
+1 2
-3 2
+2 2
-1 2
-1 2
+2 2
-1 6
+1 2
-2 4

fn=(232)
306 4
-1 4
+17 2
-17 12
+14 2
+1 4
-3 6
+23 10
cfn=(234)
calls=2 162 
* 636
+1 4
+3 10
cfn=(234)
calls=2 162 
* 167
+1 4
-17 4
+5 2
-5 4
+5 2
+2 2
+1 2
-1 4
+27 16

fl=(41) /build/eglibc-oGUzwX/eglibc-2.19/csu/../sysdeps/x86_64/multiarch/init-arch.c
fn=(172) __init_cpu_features
54 1
-9 1
+9 1
+3 1
-3 1
+3 5
+95 2
+1 7
+7 3
+4 2
+2 3
+18 2
+5 1
+1 1
+2 1
+1 2
-9 4
+1 5
+1 2
-16 2
+1 1
+2 2
+3 2
31 2
+6 1
-6 1
+7 1
-1 1
+28 1
-27 1
+27 1
-28 1
+2 1
-1 1
+1 1
+26 1
+1 1
-35 4
+35 1
+5 1
-12 1
+12 1
+3 12
+27 1
-42 1
+42 1
+22 1
-64 1
+68 1

fl=(95)
fn=(390)
81 5
+1 1

fl=(71)
fn=(320)
24 2
+1 2
+1 2
+1 2
+1 2
+1 2
+1 2
+1 2
+1 2
+1 2
+1 2
+1 2
+1 2
+1 2
+1 2
+1 2
+1 2
+1 2
+4 2
+1 2
+1 2
+1 2
+2 2

fl=(72) /build/eglibc-oGUzwX/eglibc-2.19/locale/findlocale.c
fn=(322) _nl_find_locale
105 120
+3 12
-3 24
+11 36
+18 36
cfi=(68)
cfn=(312)
calls=12 +46 
* 504
* 24
+1 36
cfi=(68)
cfn=(312)
calls=12 +45 
* 528
* 24
-60 24
cfi=(70)
cfn=(316)
calls=12 -9 
* 192
+3 12
-3 12
+3 12
+4 60
cfi=(73) /build/eglibc-oGUzwX/eglibc-2.19/string/memmem.c
cfn=(324) memmem
calls=12 -39 
* 660
* 24
+3 24
+2 12
+1 60
+8 48
cfi=(74)
cfn=(326)
calls=12 -71 
* 276
* 24
+56 12
-4 12
+4 12
+2 36
cfi=(75)
cfn=(328)
calls=12 -19 
* 73084
+2 24
318 96
120 24
cfi=(69) /build/eglibc-oGUzwX/eglibc-2.19/stdlib/getenv.c
cfn=(314) getenv
calls=12 -85 
* 2976
-54 12
+54 12
-54 12
+57 36
-1 36
cfi=(69)
cfn=(314)
calls=12 -87 
* 2994
-56 12
+56 12
-56 12
+59 24
cfi=(69)
cfn=(314)
calls=12 -90 
* 3192
-59 12
+59 12
-59 48

fl=(82)
fn=(366) malloc_consolidate
4104 8
+22 2
4996 1
4126 3
1785 1
+3 3
-3 128
+3 378
-3 252
+7 3
+5 1
+2 1
-2 1
4199 8
1796 3

fn=(348)
2876 120
+5 60
+1 60
+3 58
+2 232
+4 87
cfn=(364) _int_malloc
calls=29 3302 
* 4246
+1 29
-1 29
+1 29
+11 116
+1 232
+3 145
-24 1
+24 3
-24 1
cfi=(83) /build/eglibc-oGUzwX/eglibc-2.19/malloc/hooks.c
cfn=(350) malloc_hook_ini
calls=1 30 
* 58783

fn=(349) malloc'2
2876 4
+5 2
+1 2
+3 2
+2 8
+4 3
cfn=(364)
calls=1 3302 
* 1149
+1 1
-1 1
+1 1
+11 4
+1 8
+3 5

fn=(384) _int_free
3814 8
+13 1
-13 1
+13 2
+6 4
+1 2
+11 4
+13 3
+11 4
+1 3
1869 1
3894 1
1869 2
3896 3
+1 2
+1 1
+3 1
-3 1
+9 3
-5 4
+14 2
+2 1
+2 6
+2 2
4087 8

fn=(364)
3302 210
+30 30
-30 30
+30 270
+8 60
+2 69
+1 23
+1 23
-1 46
+5 46
+3 5
+1 1
-1 1
+1 2
+25 58
+2 58
+1 58
+2 87
+2 2
1862 1
3743 1
1862 2
3806 270
3423 3
cfn=(366)
calls=1 4104 
* 793
* 1
3790 1
4992 2
3790 3
+2 25
4990 1
+2 1
-2 3
3442 2
3790 28
4992 56
3790 84
+2 700
4990 28
+2 28
-2 84
3442 143
3576 58
+73 29
+1 29
+1 29
-1 29
+1 29
+1 58
+1 58
+5 174
+4 87
+3 116
-3 87
+3 116
-3 87
+3 108
-3 54
3765 29
+3 29
-2 87
+2 58
+17 2
3355 5
5000 1
2271 4
+11 1
-11 1
+11 1
+87 1
-9 1
+9 1
+9 3
2700 2
+1 1
+5 2
+3 2
+5 1
-3 1
+3 1
-2 1
+5 1
-3 3
+1 1
-1 1
-1 1
+1 2
+1 1
3801 2
1862 3
2272 2
3773 28
-3 28
+1 28
+2 28
-1 28
+1 56
+2 28
-2 84
1862 28
3773 28
+2 28
+3 28
1862 56
2433 1
+19 2
-19 1
+9 1
+10 2
-10 1
+10 1
-10 3
+10 3
+8 1
-8 1
+8 1
+2 4
cfi=(88) /build/eglibc-oGUzwX/eglibc-2.19/malloc/morecore.c
cfn=(368) __default_morecore
calls=1 46 
* 62
* 2
+4 5
+3 2
+1 2
+19 1
+27 2
+1 1
+1 2
+6 1
-6 1
+6 1
+3 6
+42 3
+19 1
+3 2
+1 6
+2 1
-2 1
+2 1
+1 4
cfi=(88)
cfn=(368)
calls=1 46 
* 26
+12 3
+8 2
+1 3
+39 1
+1 1
-2 1
+1 3
+12 1
-12 1
+1 1
+11 1
2527 2
+42 3
2369 2

fn=(382)
2917 6
+1 6
+6 6
+5 1
-2 1
+2 2
+16 3
+1 2
cfn=(384)
calls=1 3814 
* 70
2827 2

fl=(80)
fn=(338)
24 1
+1 1
+1 1
+1 1
+1 1
+1 1
+1 1
+1 1
+1 1
+1 1
+1 1
+1 1
+1 1
+1 1
+1 1
+1 1
+1 1
+1 1
+2 1
+7 1

fl=(62) /build/eglibc-oGUzwX/eglibc-2.19/csu/libc-start.c
fn=(256) (below main)
133 7
+4 1
-4 3
+4 3
+82 1
-82 1
+82 1
+1 4
cfi=(63) /build/eglibc-oGUzwX/eglibc-2.19/stdlib/cxa_atexit.c
cfn=(258) __cxa_atexit
calls=1 57 
* 60
+22 6
+3 2
+1 5
cob=(5)
cfi=(59)
cfn=(262) 0x00000000004052d0
calls=1 0 
* 55
+4 4
+15 2
+9 2
cfi=(64)
cfn=(284)
calls=1 30 
* 29
+1 2
+5 2
+1 2
+3 2
+3 6
cob=(5)
cfi=(59)
cfn=(290) 0x0000000000401640
calls=1 0 
* 104538
137 2

fl=(84) /build/eglibc-oGUzwX/eglibc-2.19/malloc/arena.c
fn=(352) ptmalloc_init.part.7
371 6
+13 1
-8 1
+8 1
+7 2
+1 2
-1 1
+1 10
cfi=(87) /build/eglibc-oGUzwX/eglibc-2.19/nptl/../nptl/sysdeps/unix/sysv/linux/register-atfork.c
cfn=(362) __linkin_atfork
calls=1 116 
* 9
+2 5
+16 2
-74 66
+16 33
-18 102
455 2
+6 2
+1 2
+2 1
+1 7
-80 5
cfi=(85) /build/eglibc-oGUzwX/eglibc-2.19/elf/dl-addr.c
cfn=(354) _dl_addr
calls=1 126 
* 57312
* 2
+1 4
-49 2
+1 2

fl=(91)
fn=(374)
61 2
+4 2
+3 2
+1 2
+11 2
+1 2
+2 1
+1 1
+2 1
+1 1
+5 1
+1 1
-1 1
+1 1
+2 2
+1 2
+2 2
+1 2
+5 2
+1 2
+11 2
+1 2
+21 2
+4 2

fl=(79) /build/eglibc-oGUzwX/eglibc-2.19/misc/../sysdeps/unix/sysv/linux/getpagesize.c
fn=(336) getpagesize
29 48
+2 12

fl=(42)
fn=(174)
37 1
-1 1
fi=(43) /build/eglibc-oGUzwX/eglibc-2.19/time/../sysdeps/generic/dl-hash.h
+8 1
fe=(42)
-7 2
fi=(43)
+8 1
fe=(42)
-8 1
fi=(43)
+6 1
+5 3
+1 2
+13 2
-17 3
+3 9
+1 6
+13 6
-17 9
+22 1
fe=(42)
-30 2
+3 2
-3 1
+3 1
cfi=(44) /build/eglibc-oGUzwX/eglibc-2.19/elf/../sysdeps/unix/sysv/linux/dl-vdso.c
cfn=(178) _dl_vdso_vsym
calls=1 -13 
* 7
* 3
+1 3

fl=(53) /build/eglibc-oGUzwX/eglibc-2.19/misc/init-misc.c
fn=(224) __init_misc
30 4
+1 5
+2 3
cfi=(54) /build/eglibc-oGUzwX/eglibc-2.19/string/../sysdeps/x86_64/strrchr.S
cfn=(226) rindex
calls=1 -9 
* 23
+4 5
+1 3
+2 4

fl=(93)
fn=(518) __close_nocancel
81 10

fn=(386)
81 5

fl=(102) /build/eglibc-oGUzwX/eglibc-2.19/stdlib/exit.c
fn=(436) exit
104 1
-1 1
+1 2
cfn=(438) __run_exit_handlers
calls=1 -69 
* 7366

fn=(438)
35 8
+5 1
cfi=(103) /build/eglibc-oGUzwX/eglibc-2.19/stdlib/cxa_thread_atexit_impl.c
cfn=(440) __call_tls_dtors
calls=1 +42 
* 1018
* 1
+6 11
+4 9
+3 2
-1 2
+2 10
+33 1
+1 1
-1 1
+1 1
+6 2
+1 5
cfi=(111) /build/eglibc-oGUzwX/eglibc-2.19/libio/genops.c
cfn=(584) _IO_cleanup
calls=1 1010 
* 80
* 3
+2 2
cfi=(115) /build/eglibc-oGUzwX/eglibc-2.19/posix/../sysdeps/unix/sysv/linux/_exit.c
cfn=(588) _Exit
calls=1 -69 
* 5
-19 2
+4 4
-2 4
+2 2
cob=(1)
cfi=(112)
cfn=(542)
calls=1 +49 
* 1277
cob=(5)
cfi=(59)
cfn=(448) 0x0000000000403110
calls=1 -82 
* 4912
+1 2

fl=(107) /build/eglibc-oGUzwX/eglibc-2.19/libio/iofflush.c
fn=(494) fflush
34 2
-1 4
+1 2
+6 32
+1 6
cfi=(108) /build/eglibc-oGUzwX/eglibc-2.19/libio/fileops.c
cfn=(496) _IO_file_sync@@GLIBC_2.2.5
calls=2 886 
* 26
* 8
fi=(109) /build/eglibc-oGUzwX/eglibc-2.19/libio/libioP.h
904 4
+1 18
fe=(107)
45 6

fl=(105) /build/eglibc-oGUzwX/eglibc-2.19/libio/fileno.c
fn=(466) fileno
36 10
+7 2

fl=(65)
fn=(286)
26 1
+9 1
+1 2
+1 1
+4 1
+1 1
+1 1
+1 1
+1 1
+2 2
+2 1
+1 1
+3 2
+2 1
+9 1
cfi=(66) /build/eglibc-oGUzwX/eglibc-2.19/setjmp/sigjmp.c
cfn=(288) __sigjmp_save
calls=1 -35 
* 9

fl=(97)
fn=(394)
40 56
+1 14
cfi=(70)
cfn=(316)
calls=14 +25 
* 224
* 14
+1 28
cfi=(82)
cfn=(348)
calls=14 2876 
* 2606
* 14
+2 28
+4 14
-1 28
+1 28
-1 28
cfi=(92)
cfn=(376)
calls=14 +14 
* 309

fl=(99) /build/eglibc-oGUzwX/eglibc-2.19/locale/lc-ctype.c
fn=(400) _nl_postload_ctype
38 1
+19 2
-1 1
+3 2
+6 1
-7 1
+3 1
+4 1
-4 1
+4 1
-5 1
+5 2
+38 3
+2 1
-2 1
+1 1
-1 1
+1 3
+1 3
+1 3
+1 3
+1 4
-41 2
+2 2
+2 3

fl=(110) /build/eglibc-oGUzwX/eglibc-2.19/libio/iofclose.c
fn=(508) fclose@@GLIBC_2.2.5
40 6
+14 2
-14 2
+14 6
+3 36
+4 6
-3 4
fi=(109)
904 4
+1 6
fe=(110)
63 8
cfi=(108)
cfn=(524) _IO_file_finish@@GLIBC_2.2.5
calls=2 202 
* 64
+1 6
+18 10
+7 10
-10 4
-20 4
cfi=(108)
cfn=(512) _IO_file_close_it@@GLIBC_2.2.5
calls=2 +99 
* 190
* 6
-4 2
cfi=(111)
cfn=(510) _IO_un_link
calls=2 +5 
* 168
* 6
fi=(109)
905 12
fe=(110)

fl=(104) /build/eglibc-oGUzwX/eglibc-2.19/libio/__fpending.c
fn=(456) __fpending
23 6
+3 4
+1 2

fl=(85)
fn=(354)
126 9
+5 1
-5 2
+5 2
cob=(1)
cfi=(2)
cfn=(46)
calls=1 837 
* 2
+2 2
cob=(1)
cfi=(86)
cfn=(360)
calls=1 +49 
* 32
cob=(1)
cfi=(60)
cfn=(250)
calls=1 -99 
* 1145
* 5
+2 2
30 1
+1 1
-1 1
+1 1
+3 2
+5 1
+6 1
-7 1
+2 2
+2 1
-2 1
+2 1
+3 1
+5 7
+2 1
+1 2
-1 1010
+1 2020
+2 4930
+6 11075
+2 8860
+1 16270
+7 2215
-2 2215
+2 5441
-21 2022
+49 3
+1 1
+1 3
+3 2
+37 3
cob=(1)
cfi=(2)
cfn=(48)
calls=1 843 
* 2
+3 9
-28 1
+1 1
+21 2

fl=(94)
fn=(388)
34 1
-1 1
+1 1
+1 6
+4 1

fl=(50)
fn=(218)
52 8
+6 3
+14 1
fi=(51) /build/eglibc-oGUzwX/eglibc-2.19/csu/../sysdeps/generic/dl-hash.h
-28 1
fe=(50)
+26 1
+1 1
fi=(52) /build/eglibc-oGUzwX/eglibc-2.19/csu/../sysdeps/unix/sysv/linux/x86_64/init-first.c
-33 1
fi=(51)
+7 1
fi=(52)
-7 1
fe=(50)
+34 1
fi=(52)
-34 2
fi=(51)
+5 1
+5 3
+1 2
+13 2
-17 3
+3 9
+1 6
+13 6
-17 9
+22 1
fi=(52)
-29 2
+2 2
-2 1
+2 2
cfi=(44)
cfn=(178)
calls=1 -13 
* 7
+1 2
+5 2
-3 2
+1 1
+2 1
cfi=(44)
cfn=(178)
calls=1 -19 
* 7
fe=(50)
+40 1
fi=(52)
-36 1
fe=(50)
+36 2
fi=(52)
-36 2
+1 2
+1 1
fe=(50)
+34 1
cfi=(53)
cfn=(224)
calls=1 -56 
* 47
+8 1
cfi=(55) /build/eglibc-oGUzwX/eglibc-2.19/ctype/ctype-info.c
cfn=(228) __ctype_init
calls=1 -63 
* 16
+5 6
-34 1
-7 1
+7 4
fi=(52)
-23 2
fe=(50)

fl=(66)
fn=(288)
29 2
-1 2
+1 2
+5 3

fl=(106) /build/eglibc-oGUzwX/eglibc-2.19/libio/__freading.c
fn=(476) __freading
23 4
+1 24
+2 4

fl=(89) /build/eglibc-oGUzwX/eglibc-2.19/misc/sbrk.c
fn=(370) sbrk
34 2
+8 2
-8 6
+8 9
+4 4
+4 4
+3 1
cfi=(90) /build/eglibc-oGUzwX/eglibc-2.19/misc/../sysdeps/unix/sysv/linux/x86_64/brk.c
cfn=(372) brk
calls=1 -22 
* 13
* 2
+4 10
-14 2
cfi=(90)
cfn=(372)
calls=1 -12 
* 13
* 4

fl=(69)
fn=(314)
35 296
+1 37
cfi=(70)
cfn=(316)
calls=37 +30 
* 610
* 37
+4 259
+3 74
+49 333
-24 37
+6 37
+2 37
-3 37
+3 4478
+9 2326
cfi=(68)
cfn=(318)
calls=25 +89 
* 727
* 50
+1 48
+1 24

fl=(87)
fn=(362)
116 2
+1 6
+2 1

fl=(58)
fn=(238)
33 3
+1 1

fl=(113) /build/eglibc-oGUzwX/eglibc-2.19/stdlib/cxa_finalize.c
fn=(570) __cxa_finalize
31 3
+17 1
-17 5
+4 4
+4 6
-4 3
+32 4
+4 6
-4 3
+12 2
+3 1
-2 1
+2 6
-2 1
cfi=(114) /build/eglibc-oGUzwX/eglibc-2.19/nptl/../nptl/sysdeps/unix/sysv/linux/unregister-atfork.c
cfn=(572) __unregister_atfork
calls=1 -44 
* 13

fl=(44)
fn=(178)
27 4
-1 4
+1 4
+4 8
-3 8

fl=(76)
fn=(330)
32 48
+1 12
-1 12
+1 24
fi=(77) /build/eglibc-oGUzwX/eglibc-2.19/posix/../sysdeps/unix/sysv/linux/x86_64/../sysconf.c
+38 84
+35 12
-35 12
fi=(78) /build/eglibc-oGUzwX/eglibc-2.19/posix/../sysdeps/posix/sysconf.c
-19 72
fe=(76)
-15 60
fi=(78)
213 12
cfi=(79)
cfn=(336)
calls=12 29 
* 60
* 24
fe=(76)

fl=(103)
fn=(440)
82 3
+1 2
cob=(1)
cfi=(36)
cfn=(446)
calls=1 770 
* 11
cob=(1)
cfi=(60)
cfn=(250)
calls=1 -49 
* 990
* 5
* 3
+18 4

fl=(111)
fn=(514) _IO_unsave_markers
1119 2
+2 2
-2 2
+2 2
+19 6
+2 4

fn=(520) _IO_setb
399 10
+1 8
+3 2
+2 8
-3 2
+3 4
+3 8

fn=(584)
1010 1
+3 1
-3 2
-48 1
+48 2
+3 1
cfn=(586) _IO_flush_all_lockp
calls=1 822 
* 50
-63 1
+63 1
-63 3
+2 3
+2 1
-1 2
+37 1
-40 3
+75 7

fn=(510)
60 24
+1 12
+4 12
+1 20
+2 2
-2 2
+1 2
+1 38
+2 6
+2 4
+6 3
+1 3
+6 2
+2 2
-2 2
+2 8
+2 2
-1 2
+1 12
+1 4
+3 24
-6 12
-6 1
+1 1
-1 1
+2 1
-9 1
+1 1
-1 2
+4 2

fn=(526) _IO_default_finish
686 4
+2 6
+6 6
+3 6
+6 2
+6 2
-6 2
cfn=(510)
calls=2 60 
* 20

fn=(586)
822 3
+6 1
-6 5
+6 2
+6 1
-11 1
+10 1
+2 2
+4 2
-1 1
-1 1
+1 1
+3 3
+10 2
+4 1
-2 1
+2 2
+7 1
-27 2
+31 2
+2 2
+4 9
-31 4

fl=(115)
fn=(588)
28 2
+4 1
+2 2

fl=(108)
fn=(496)
886 2
+5 2
-5 2
+5 6
+2 2
+1 4
+17 4
+4 4

fn=(512)
158 6
+2 2
-2 2
+2 4
+4 2
+3 2
-3 2
-1 4
+6 2
+3 2
-3 2
cfi=(111)
cfn=(514)
calls=2 1119 
* 18
+3 4
+4 6
+9 10
cfi=(111)
cfn=(520)
calls=2 399 
* 42
+1 4
+3 2
-3 2
+1 6
+2 2
cfi=(111)
cfn=(510)
calls=2 60 
* 20
+5 4
-4 2
+1 2
+1 2
+2 2
+1 8
-23 6
cfn=(516) _IO_file_close
calls=2 1245 
* 14
* 4

fn=(516)
1245 4
cfi=(93)
cfn=(518)
calls=2 81 
* 10

fn=(524)
202 2
+1 2
-1 2
+1 2
+6 4
+1 2
-1 2
cfi=(111)
cfn=(526)
calls=2 686 
* 48

fl=(81)
fn=(340)
330 5
+12 5
-10 1
-1 1
+17 2
-5 20
+4 4
-2 4
+3 12
-6 8
+6 1
-6 2
+9 5
cfi=(82)
cfn=(348)
calls=1 2876 
* 58796
cob=(1)
cfi=(60)
cfn=(250)
calls=1 34 
* 614
* 5
+2 4
+8 15
-2 6
+2 1
-2 2
+1 20
+2 9
+1 2
-4 2
+6 1
+4 5

fl=(101) /build/eglibc-oGUzwX/eglibc-2.19/intl/textdomain.c
fn=(416) textdomain
82 4
+5 2
+3 3
+5 1
-3 1
+3 1
+33 2
+2 5
+4 3
+3 5
-41 3
cfi=(68)
cfn=(312)
calls=1 +84 
* 24
* 2
+5 3
cfi=(68)
cfn=(312)
calls=1 +79 
* 24
* 2
+10 2
cfi=(97)
cfn=(394)
calls=1 -71 
* 250
+8 1
-8 1
+8 1
+1 2

fl=(40)
fn=(180)
140 1
+1 1
+4 1
+1 1
+1 1
+11 1

fn=(170)
114 1
+1 1
+1 1
cfi=(41)
cfn=(172)
calls=1 -62 
* 93
+3 1
+1 1
+1 1
+11 1

fl=(67) /build/eglibc-oGUzwX/eglibc-2.19/locale/setlocale.c
fn=(398) new_composite_name
111 11
+19 2
+3 5
cfi=(68)
cfn=(312)
calls=1 +47 
* 42
* 2
+1 2
+1 1
-1 1
cfi=(68)
cfn=(312)
calls=1 +46 
* 24
* 2
+25 1
-33 2
-10 1
-3 27
+6 26
+2 24
+3 36
cfi=(70)
cfn=(316)
calls=12 -58 
* 192
* 12
+1 12
+1 12
-1 36
+1 105
cfi=(68)
cfn=(312)
calls=11 +54 
* 264
* 22
-8 27
+19 3
cfi=(82)
cfn=(348)
calls=1 2876 
* 193
* 1
+2 2
+21 1
-21 2
+21 6
-21 2
cfi=(92)
cfn=(376)
calls=1 -78 
* 22

fn=(310) setlocale
190 7
+8 1
-8 1
+7 2
+5 3
+4 3
+2 6
cfi=(68)
cfn=(312)
calls=1 -28 
* 47
* 2
441 9
224 1
-3 1
+1 1
+2 1
cfi=(69)
cfn=(314)
calls=1 35 
* 285
+1 2
+12 30
+13 26
-1 12
+2 12
-2 12
+4 3
cfi=(71)
cfn=(320)
calls=1 24 
* 23
* 2
-7 1
+11 15
+50 42
+1 26
+2 72
cfi=(72)
cfn=(322)
calls=12 105 
* 85486
+4 12
-4 12
+4 12
+14 24
+4 48
+2 60
cfi=(68)
cfn=(312)
calls=12 180 
* 504
* 24
+5 24
cfi=(97)
cfn=(394)
calls=12 40 
* 2988
+1 12
-1 12
+1 12
+8 2
+23 3
+3 2
cfi=(82)
cfn=(382)
calls=1 2917 
* 7
* 1
+1 2
cfi=(82)
cfn=(382)
calls=1 2917 
* 7
* 1
+2 2
-29 3
cfn=(398)
calls=1 111 
* 1123
+1 1
-1 1
+1 42
+4 26
182 12
+1 12
-1 12
+1 36
+1 1
cfi=(99)
cfn=(400)
calls=1 38 
* 45
356 12
167 36
+3 36
+3 12
352 24
167 3
+3 3
+3 2
362 3

fl=(73)
fn=(324)
43 108
+6 24
+7 36
+7 36
+2 36
cfi=(74)
cfn=(326)
calls=12 -40 
* 276
+1 12
-1 12
+1 12
-9 12
+18 96

fl=(114)
fn=(572)
36 1
-8 2
+11 2
+1 3
+5 1
-6 2
+82 2

fl=(88)
fn=(368)
46 2
+1 2
cfi=(89)
cfn=(370)
calls=2 -13 
* 72
+2 6
+3 6

fl=(55)
fn=(228)
31 5
+2 1
-2 2
+2 3
+2 5

fl=(70)
fn=(316)
66 79
+1 79
+1 79
+1 79
+1 79
+1 79
+1 79
+2 79
+2 79
+30 79
+1 79
+1 79
+1 79
+1 79
+1 78
+1 78
+4 1
+1 1
+1 1
+1 1
+1 1
+1 1
+1 1
+1 1
+1 1
+1 1
+1 1
+1 1
+5 8

fl=(90)
fn=(372)
31 2
-3 2
+3 14
+8 2
-6 4
+7 2

fl=(45)
fn=(182)
31 1
-1 1
fi=(43)
+14 1
fe=(45)
-13 2
fi=(43)
+14 1
fe=(45)
-14 1
fi=(43)
+12 1
+5 3
+1 2
+13 2
-17 3
+3 9
+1 6
+13 6
-17 9
+22 1
fe=(45)
-36 2
+3 2
-3 1
+3 1
cfi=(44)
cfn=(178)
calls=1 -7 
* 7
+1 3
+1 3

fl=(68)
fn=(312)
180 65
+1 65
+2 65
+1 65
+21 65
+1 65
+1 38
+1 38
+1 15
+1 15
+1 15
+1 15
+21 15
+1 15
+1 15
+1 15
+1 15
+1 15
+1 15
+5 1
+1 1
+9 1
+1 1
+1 1
+1 1
+1 1
+1 1
+1 1
+1 1
-7 50
+1 50
+1 50
+1 50
+1 50
+1 50
+1 50
+1 50
+1 51
+1 13
+1 13
+1 13
+2 13
+1 13
+1 13
+1 13
+1 13
+1 13
-5 38
+1 38
+1 38
+1 38
+1 38
+1 38
1107 1
+1 1
+1 1
+1 1
+1 1
+2 1
+1 1
+1 1
+1 1
+1 1
+1 1
+1 1
+1 1
+4 1
+1 1
+1 1
+6 1
+1 1
+1 2
+4 1
+1 1
+3 1
+1 1
+1 1
+3 1
+1 1
+1 1
+6 1
+1 1
+1 1
+1 1
+1 1
+1 1
+72 1
+1 1
+1 1
+1 1
+1 1
+2 1
+1 1
+1 1
+1 1
+1 1
+1 1
+1 1
1482 13
+1 13
+1 13
+1 13
+1 13
+2 13
+1 13
+1 13
+1 13
+1 13
+1 13
+1 13
1857 23
+1 23
+1 23
+1 23
+1 23
+2 23
+1 23
+1 23
+1 23
+1 23
+1 23
+1 23
1982 12
+1 12
+1 12
+1 12
+1 12
+2 12
+1 12
+1 12
+1 12
+1 12
+1 12
+1 12
2107 1
+1 1
+1 1
+1 1
+1 1
+2 1
+1 1
+1 1
+1 1
+1 1
+1 1
+1 1
2236 1
+2 1
+1 1
+1 1
+1 1
-3 50
+1 50
+1 50
+1 50
+1 26
+5 13
+6 13
+1 13
+8 13
+1 13
-16 52
+6 52
+1 52
+8 52
+1 52

fn=(318)
174 26
+1 26
+1 26
+1 26
+1 26
+2 26
+1 26
+2 26
+1 26
+21 26
+1 26
+1 25
+1 25
+1 25
+1 25
+1 25
+1 25
+21 25
+1 25
+1 25
+1 25
+1 25
+1 25
+1 25
+15 1
+1 1
+1 1
+1 1
+1 1
+1 1
+1 1
+1 1
+1 1
+5 1
+1 1
+1 1
+1 1
+1 1
+1 1
1107 1
+1 1
+1 1
+1 1
+1 1
+2 1
+1 1
+1 1
+1 1
+1 1
+1 1
+1 1
2238 1
+1 1
+1 1
+1 1
+6 26
+3 26
+1 26
+2 2
+1 2
+8 2
+1 2
+3 24
+1 24

fl=(54)
fn=(226)
24 2
+1 2
+1 2
+1 2
+1 2
+1 2
+1 2
+1 2
+1 2
+1 2
+1 2
+1 2
+1 2
+1 2
+1 2
+1 2
+1 2
+1 2
+1 2
+1 2
+1 2
169 2
+1 2

fl=(92)
fn=(376)
61 17
+2 17
+2 17
+3 17
+1 17
+2 1
+1 1
+2 1
+1 1
+5 1
+1 1
-1 16
+1 16
+2 2
+1 2
+2 2
+1 4
+5 2
+1 2
-1 15
+1 15
+2 14
+1 14
+2 14
+1 14
+5 14
+1 14
-1 3
+1 3
+2 16
+1 16
+2 16
+1 16
+5 16
+1 16
-1 1
+1 1
+23 17

fl=(98)
fn=(396)
66 96
+10 24
+1 151
+7 72
+3 12
-1 24
+9 24
cfi=(82)
cfn=(348)
calls=12 2876 
* 2250
* 12
* 12
+3 12
-1 24
+62 96
-52 12
-7 12
+1 12
+1 12
+1 12
+1 12
+1 12
+1 12
+1 12
+2 24
+1 24
+11 12
-14 24
+14 1932
+17 48
+9 1220
+1 574
-41 966
+2 620
+1 620
+27 4
-1 10
-1 26
-1 14
-1 6
-1 10
-1 92
-1 38
-1 222
-1 12
+12 178
+4 322
-37 24
+44 70
+3 35
-1 70

fl=(46)
fn=(186)
49 1
-49 12

fl=(63)
fn=(258)
57 12
-22 4
cfn=(260) __new_exitfn
calls=2 +38 
* 82
+2 4
+4 2
+3 2
+1 2
-4 4
+2 2
+4 2
+1 2
+11 8

fn=(260)
73 2
+6 4
-6 6
+6 8
+2 8
-7 4
+9 6
+1 5
-3 1
+10 1
-10 3
+2 2
+11 2
+25 1
+1 1
-1 1
+1 1
-1 1
+7 1
+1 1
+3 2
-4 1
+1 1
+3 6
+3 10
-21 1
+1 2

fl=(83)
fn=(350)
30 2
fi=(84)
373 3
fe=(83)
29 3
cfi=(84)
cfn=(352)
calls=1 371 
* 57582
* 1
+4 1
-1 1
cfi=(82)
cfn=(349)
calls=1 2876 
* 1190

ob=(4)
fl=(49)
fn=(210)
0 16

fn=(558)
0 8
cob=(3)
cfi=(113)
cfn=(570)
calls=1 31 
0 59
cob=(1)
cfi=(60)
cfn=(250)
calls=1 34 
0 684
0 5
0 1
cfn=(576) 0x00000000000005c0
calls=1 0 
0 9
0 3

fn=(576)
0 9

ob=(5)
fl=(59)
fn=(272) 0x00000000004017d0
0 15

fn=(460) 0x00000000004051a0
0 10
cob=(3)
cfi=(105)
cfn=(466)
calls=2 36 
0 12
cob=(1)
cfi=(60)
cfn=(250)
calls=1 34 
0 775
0 6
0 8
cob=(3)
cfi=(106)
cfn=(476)
calls=2 23 
0 16
cob=(1)
cfi=(60)
cfn=(250)
calls=1 34 
0 827
0 6
0 8
cfn=(482) 0x0000000000405220
calls=2 0 
0 918
0 14
cob=(3)
cfi=(110)
cfn=(508)
calls=2 40 
0 562
cob=(1)
cfi=(60)
cfn=(250)
calls=1 34 
0 791
0 6

fn=(550) 0x0000000000401740
0 8

fn=(292) 0x00000000004032b0
0 6
cob=(3)
cfi=(54)
cfn=(226)
calls=1 24 
0 23
cob=(1)
cfi=(60)
cfn=(250)
calls=1 34 
0 798
0 5
0 6

fn=(420) 0x0000000000405350
0 6
cob=(3)
cfi=(63)
cfn=(258)
calls=1 57 
0 66
cob=(1)
cfi=(60)
cfn=(250)
calls=1 34 
0 865
0 5

fn=(482)
0 10
cob=(3)
cfi=(106)
cfn=(476)
calls=2 23 
0 16
0 2
0 10
cob=(3)
cfi=(107)
cfn=(494)
calls=2 34 
0 108
cob=(1)
cfi=(60)
cfn=(250)
calls=1 34 
0 766
0 6

fn=(546)
0 5
cfn=(550)
calls=1 0 
0 8
0 3

fn=(242)
0 11
cob=(3)
cfi=(62)
cfn=(256)
calls=1 133 
0 104740
cob=(1)
cfi=(60)
cfn=(250)
calls=1 34 
0 932
0 5

fn=(290)
0 7
cfn=(292)
calls=1 0 
0 838
0 3
cob=(3)
cfi=(67)
cfn=(310)
calls=1 190 
0 91350
cob=(1)
cfi=(60)
cfn=(250)
calls=1 34 
0 820
0 5
0 3
cob=(3)
cfi=(100)
cfn=(408)
calls=1 347 
0 358
cob=(1)
cfi=(60)
cfn=(250)
calls=1 34 
0 902
0 5
0 2
cob=(3)
cfi=(101)
cfn=(416)
calls=1 82 
0 342
cob=(1)
cfi=(60)
cfn=(250)
calls=1 34 
0 826
0 5
0 3
cfn=(420)
calls=1 0 
0 942
0 7
cob=(3)
cfi=(102)
cfn=(436)
calls=1 104 
0 7370
cob=(1)
cfi=(60)
cfn=(250)
calls=1 34 
0 745
0 5

fn=(448)
0 5
cfn=(450) 0x0000000000404cf0
calls=1 0 
0 4480
0 4
cfn=(450)
calls=1 0 
0 417
0 6

fn=(262)
0 16
cob=(2)
cfi=(14)
cfn=(264) 0x0000000000401268
calls=1 0 
0 6
0 7
cfn=(272)
calls=1 0 
0 15
0 11

fn=(450)
0 10
cob=(3)
cfi=(104)
cfn=(456)
calls=2 23 
0 12
cob=(1)
cfi=(60)
cfn=(250)
calls=1 34 
0 878
0 6
0 8
cfn=(460)
calls=2 0 
0 3959
0 24

ob=(2)
fl=(14)
fn=(556)
0 3

fn=(206)
0 6

fn=(264)
0 6

fn=(582)
0 3

totals: 208140
